Year	Month	Temp	Prec	Evap
1999	1	-10.7	36.3	17.16
1999	2	-6.7	14.1	21.56
1999	3	-2.8	28.8	32.58
1999	4	6.1	20.4	115.63
1999	5	15.1	41.0	192.76
1999	6	19.3	64.1	231.26
1999	7	21.2	91.5	241.73
1999	8	17.8	44.4	275.05
1999	9	15.7	170.3	225.06
1999	10	6.5	63.3	127.71
1999	11	4.1	85.4	65.8
1999	12	-4.7	51.1	17.89
2000	1	-10.6	33.7	20.21
2000	2	-7.6	7.4	25.66
2000	3	1.2	67.3	60.15
2000	4	4.9	81.6	95.25
2000	5	12.4	106.4	172.66
2000	6	16.2	173.8	209.53
2000	7	18.3	79.8	202.77
2000	8	18.0	76.1	177.99
2000	9	12.7	69.6	213.36
2000	10	7.6	20.8	120.08
2000	11	1.2	66.8	32.08
2000	12	-10.8	21.8	13.63
2001	1	-9.6	0.6	10.55
2001	2	-9.1	31.6	25.69
2001	3	-3.3	9.1	33.25
2001	4	6.1	11.2	115.07
2001	5	13.9	72.2	192.51
2001	6	18.9	83.7	265.07
2001	7	18.7	80.0	226.74
2001	8	20.3	51.9	255.46
2001	9	14.3	99.0	219.62
2001	10	8.6	94.7	135.71
2001	11	4.1	47.0	55.55
2001	12	-1.8	38.7	28.69
2002	1	-4.6	3.8	16.61
2002	2	-6.6	20.3	28.84
2002	3	-2.9	28.2	45.65
2002	4	6.1	61.4	103.58
2002	5	10.9	94.8	183.05
2002	6	16.5	159.5	193.1
2002	7	21.2	41.9	283.64
2002	8	19.8	39.5	277.86
2002	9	16.0	55.2	241.46
2002	10	5.4	92.4	95.03
2002	11	0.0	28.8	25.91
2002	12	-6.0	9.2	14.35
2003	1	-13.4	9.5	13.4
2003	2	-12.2	9.8	23.75
2003	3	-4.2	39.7	29.36
2003	4	3.6	32.6	89.69
2003	5	12.2	104.4	169.65
2003	6	17.7	52.3	247.5
2003	7	19.6	100.7	184.01
2003	8	19.9	42.1	200.91
2003	9	15.2	42.7	182.12
2003	10	5.9	147.9	86.36
2003	11	1.8	152.6	48.53
2003	12	-5.3	123.7	16.42
2004	1	-14.3	1.8	15.79
2004	2	-7.5	0.6	21.58
2004	3	-0.4	51.9	33.79
2004	4	5.4	80.6	115.18
2004	5	12.6	73.8	169.87
2004	6	16.5	68.8	238.64
2004	7	19.4	122.8	161.31
2004	8	17.4	98.8	187.82
2004	9	14.5	132.4	216.31
2004	10	7.3	50.6	121.31
2004	11	0.8	84.0	44.93
2004	12	-8.8	41.3	15.45
2005	1	-12.2	19.0	14.37
2005	2	-6.8	10.0	20.49
2005	3	-3.8	8.0	30.27
2005	4	6.6	131.8	95.79
2005	5	10.8	34.2	177.23
2005	6	20.6	97.2	200.25
2005	7	20.8	83.8	223.12
2005	8	19.7	69.4	236.43
2005	9	15.8	98.8	207.87
2005	10	8.8	95.8	102.37
2005	11	1.4	92.3	53.61
2005	12	-6.6	28.8	14.09
2006	1	-5.6	52.3	15.96
2006	2	-7.7	36.3	22.8
2006	3	-1.5	25.4	31.74
2006	4	6.7	63.9	108.72
2006	5	13.7	114.8	169.7
2006	6	18.2	112.8	211.54
2006	7	21.3	101.0	200.86
2006	8	18.2	166.5	259.29
2006	9	13.2	153.7	145.63
2006	10	6.7	118.7	85.37
2006	11	3.5	95.4	37.65
2006	12	-1.7	62.6	20.8
2007	1	-8.0	27.2	21.43
2007	2	-11.3	28.7	22.42
2007	3	-3.2	30.2	43.47
2007	4	5.6	68.6	88.64
2007	5	13.2	50.9	220.04
2007	6	18.6	49.3	219.96
2007	7	18.7	160.8	207.62
2007	8	18.5	69.4	249.91
2007	9	14.9	39.8	265.65
2007	10	9.8	92.6	114.83
2007	11	0.1	33.2	50.3
2007	12	-7.4	28.8	14.61
2008	1	-7.0	36.1	17.56
2008	2	-9.0	11.0	22.41
2008	3	-5.2	35.1	40.71
2008	4	7.4	68.1	84.38
2008	5	11.4	91.9	206.19
2008	6	18.5	106.8	151.07
2008	7	19.8	70.4	191.81
2008	8	17.4	48.4	163.28
2008	9	14.0	69.8	156.44
2008	10	6.5	82.6	88.42
2008	11	0.9	51.6	28.32
2008	12	-7.7	35.3	22.77
2009	1	-14.4	36.2	12.59
2009	2	-8.0	37.1	24.03
2009	3	-1.8	43.5	46.93
2009	4	6.8	82.1	116.32
2009	5	11.9	84.3	206.47
2009	6	16.8	69.4	194.09
2009	7	18.3	220.2	154.79
2009	8	18.7	90.7	179.7
2009	9	13.1	45.0	204.66
2009	10	6.1	98.4	77.68
2009	11	3.3	34.2	41.42
2009	12	-6.8	43.1	20.64
2010	1	-7.3	47.7	12.52
2010	2	-5.0	1.6	20.25
2010	3	3.0	36.0	56.89
2010	4	8.9	65.6	142.67
2010	5	14.8	29.8	163.27
2010	6	17.0	115.4	178.37
2010	7	21.8	46.2	244.28
2010	8	19.0	144.0	236.34
2010	9	14.4	164.2	175.98
2010	10	6.5	53.4	117.37
2010	11	1.3	69.4	46.35
2010	12	-5.5	52.5	14.22
2011	1	-10.4	3.8	9.44
2011	2	-7.8	8.6	23.56
2011	3	-2.6	51.3	37.23
2011	4	5.8	157.6	94.88
2011	5	13.7	94.2	149.26
2011	6	18.6	135.6	185.85
2011	7	21.5	45.0	234.48
2011	8	19.2	53.2	187.76
2011	9	16.0	61.4	164.41
2011	10	8.5	67.2	102.75
2011	11	4.6	66.2	68.64
2011	12	-3.3	46.1	23.1
2012	1	-9.4	26.0	20.68
2012	2	-5.7	2.8	21.29
2012	3	2.6	33.2	56.37
2012	4	6.0	58.0	121.26
2012	5	15.0	81.0	168.14
2012	6	19.0	62.1	234.92
2012	7	20.9	29.2	299.52
2012	8	19.7	80.1	232.13
2012	9	13.6	106.2	205.47
2012	10	9.2	42.2	101.9
2012	11	-1.0	11.0	48.91
2012	12	-4.7	45.1	21.69
2013	1	-9.3	31.8	21.27
2013	2	-7.8	4.0	22.88
2013	3	-1.5	3.4	31.62
2013	4	5.2	27.7	96.59
2013	5	14.1	69.2	175.98
2013	6	17.0	126.2	167.59
2013	7	20.4	55.2	286.84989338
2013	8	18.5	47.0	240.7090780673
2013	9	12.9	66.0	143.1567321895
2013	10	8.5	80.8	95.1994399932
2013	11	-0.4	45.4	41.9446150749
2013	12	-9.4	6.2	18.2434125619
