     0      0    0.0    0.0   0.00   0.00    0.0    0.0   0.00   0.00    0.0    0.0   0.00   0.00    0.0    0.0   0.00   0.00    0.0    0.0   0.00   0.00   1193      0      0      0
  1999      1    0.0    0.0   0.00   0.00    0.0    0.0   0.00   0.00    0.0    0.0   0.09   0.00    0.0    0.0   0.03   0.00    0.0    0.0   0.00   0.00   1103      0      0      0
  1999      2    0.0    0.0   0.00   0.00    0.0    0.0   0.13   0.00    0.0    0.0   0.09   0.00    0.0    0.0   0.03   0.00    0.0    0.0   0.00   0.00   1048      0      0      0
  1999      3    0.0    0.0   0.13   0.00    0.0    0.0   0.14   0.00    0.0    0.0   0.09   0.00    0.0    0.0   0.03   0.00    0.0    0.0   0.00   0.00    975      0      0      0
  1999      4    0.1    0.1   0.14   0.00    0.0    0.0   0.19   0.00    0.0    0.0   0.09   0.00    0.0    0.0   0.04   0.00    0.0    0.0   0.00   0.00    925      0      0      0
  1999      5    0.6    0.6   0.20   0.02    0.0    0.0   0.37   0.00    0.0    0.0   0.10   0.00    0.0    0.0   0.04   0.00    0.0    0.0   0.00   0.00    824      0      1      0
  1999      6    1.1    1.1   0.39   0.03    0.0    0.0   0.52   0.00    0.0    0.0   0.10   0.00    0.0    0.0   0.04   0.00    0.0    0.0   0.00   0.00    670      0      2      0
  1999      7    1.4    1.4   0.55   0.04    6.5    6.5   0.61   0.14    0.0    0.0   0.11   0.00    0.0    0.0   0.04   0.00    0.0    0.0   0.00   0.00    468      0     11      0
  1999      8    1.7    1.7   0.49   0.05    7.7    7.7   0.49   0.17    0.0    0.0   0.11   0.00    0.0    0.0   0.04   0.00    0.0    0.0   0.00   0.00    481     14     36      0
  1999      9    2.0    2.0   0.34   0.06   19.0   19.0   0.42   0.42   12.0    3.3   0.10   0.10    1.5    1.5   0.04   0.04    0.0    0.0   0.00   0.00    305     53     48      0
  1999     10    1.0    0.5   0.01   0.01    2.8    2.8   0.07   0.06    1.4    1.4   0.09   0.05    0.0    0.0   0.04   0.00    0.0    0.0   0.00   0.00    348     45     35      0
  1999     11    0.4    0.4   0.02   0.01    0.0    0.0   0.13   0.00    0.0    0.0   0.09   0.00    0.3    0.3   0.04   0.01    0.0    0.0   0.00   0.00    249     28     18      0
  1999     12    0.0    0.0   0.14   0.00    0.0    0.0   0.13   0.00    0.0    0.0   0.09   0.00    0.0    0.0   0.03   0.00    0.0    0.0   0.00   0.00    165     12      5      0
  2000      1    0.0    0.0   0.13   0.00    0.0    0.0   0.13   0.00    0.0    0.0   0.08   0.00    0.0    0.0   0.03   0.00    0.0    0.0   0.00   0.00    133     15      5      0
  2000      2    0.0    0.0   0.14   0.00    0.0    0.0   0.13   0.00    0.0    0.0   0.08   0.00    0.0    0.0   0.03   0.00    0.0    0.0   0.00   0.00    180     19      7      0
  2000      3    0.0    0.0   0.14   0.00    0.0    0.0   0.16   0.00    0.0    0.0   0.08   0.00    0.0    0.0   0.03   0.00    0.0    0.0   0.00   0.00    158     42     15      0
  2000      4    0.4    0.4   0.17   0.01    0.0    0.0   0.19   0.00    0.0    0.0   0.08   0.00    0.8    0.8   0.03   0.03    0.0    0.0   0.00   0.00    181     65     23      0
  2000      5    1.2    1.2   0.21   0.04   13.6   13.6   0.29   0.29    9.4    2.7   0.08   0.08    1.9    1.9   0.04   0.04    0.0    0.0   0.00   0.00    267     99     41      0
  2000      6    1.2    1.1   0.02   0.02   17.1   17.1   0.33   0.33    9.9    3.0   0.10   0.10    0.6    0.6   0.04   0.02    0.0    0.0   0.00   0.00    228    107     51      0
  2000      7    1.3    1.2   0.02   0.02   14.9   14.9   0.42   0.33    0.0    0.0   0.10   0.00    0.0    0.0   0.04   0.00    0.0    0.0   0.00   0.00    351     79     50      0
  2000      8    1.3    1.3   0.12   0.04   15.1   15.1   0.54   0.33    0.0    0.0   0.10   0.00    0.0    0.0   0.04   0.00    0.0    0.0   0.00   0.00    355     39     39      0
  2000      9    1.3    1.3   0.23   0.04   11.5   11.5   0.37   0.25    3.9    2.5   0.08   0.08    0.0    0.0   0.03   0.00    0.0    0.0   0.00   0.00    389     38     45      0
  2000     10    0.7    0.7   0.13   0.02    3.2    3.2   0.16   0.07    0.8    0.8   0.07   0.03    0.0    0.0   0.03   0.00    0.0    0.0   0.00   0.00    430     15     22      0
  2000     11    0.0    0.0   0.10   0.00    0.0    0.0   0.14   0.00    0.0    0.0   0.06   0.00    0.0    0.0   0.03   0.00    0.0    0.0   0.00   0.00    294      5      7      0
  2000     12    0.0    0.0   0.15   0.00    0.0    0.0   0.13   0.00    0.0    0.0   0.06   0.00    0.0    0.0   0.02   0.00    0.0    0.0   0.00   0.00    260      5      4      0
  2001      1    0.0    0.0   0.14   0.00    0.0    0.0   0.13   0.00    0.0    0.0   0.05   0.00    0.0    0.0   0.02   0.00    0.0    0.0   0.00   0.00    275      4      3      0
  2001      2    0.0    0.0   0.13   0.00    0.0    0.0   0.13   0.00    0.0    0.0   0.05   0.00    0.0    0.0   0.02   0.00    0.0    0.0   0.00   0.00    235      9      6      0
  2001      3    0.0    0.0   0.14   0.00    0.0    0.0   0.14   0.00    0.0    0.0   0.05   0.00    0.0    0.0   0.02   0.00    0.0    0.0   0.00   0.00    263     12      8      0
  2001      4    0.3    0.3   0.15   0.01    1.5    1.5   0.20   0.03    0.6    0.6   0.06   0.02    0.0    0.0   0.02   0.00    0.0    0.0   0.00   0.00    369     29     25      0
  2001      5    0.8    0.8   0.19   0.02   13.0   13.0   0.36   0.29    5.0    2.3   0.07   0.07    0.0    0.0   0.03   0.00    0.0    0.0   0.00   0.00    351     31     34      0
  2001      6    0.8    0.8   0.10   0.02   12.6   12.6   0.50   0.28    0.0    0.0   0.10   0.00    0.0    0.0   0.04   0.00    0.0    0.0   0.00   0.00    370     42     49      0
  2001      7    0.9    0.9   0.25   0.03   13.7   13.7   0.60   0.30    0.0    0.0   0.09   0.00    0.0    0.0   0.03   0.00    0.0    0.0   0.00   0.00    358     33     43      0
  2001      8    0.8    0.8   0.33   0.02   10.1   10.1   0.66   0.22    0.0    0.0   0.10   0.00    0.0    0.0   0.04   0.00    0.0    0.0   0.00   0.00    415     29     46      0
  2001      9    0.9    0.9   0.46   0.03   15.8   15.8   0.45   0.35    4.8    2.1   0.07   0.07    0.2    0.2   0.03   0.01    0.0    0.0   0.00   0.00    333     26     41      0
  2001     10    0.6    0.6   0.12   0.02    7.4    7.4   0.20   0.16    2.7    1.7   0.05   0.05    0.6    0.6   0.02   0.02    0.0    0.0   0.00   0.00    253     29     34      0
  2001     11    0.2    0.2   0.04   0.01    0.0    0.0   0.12   0.00    0.0    0.0   0.05   0.00    0.2    0.2   0.02   0.01    0.0    0.0   0.00   0.00    213     17     14      0
  2001     12    0.0    0.0   0.13   0.00    0.0    0.0   0.15   0.00    0.0    0.0   0.04   0.00    0.0    0.0   0.02   0.00    0.0    0.0   0.00   0.00    161     10      7      0
  2002      1    0.0    0.0   0.15   0.00    0.0    0.0   0.14   0.00    0.0    0.0   0.04   0.00    0.0    0.0   0.01   0.00    0.0    0.0   0.00   0.00    179      6      4      0
  2002      2    0.0    0.0   0.14   0.00    0.0    0.0   0.13   0.00    0.0    0.0   0.04   0.00    0.0    0.0   0.01   0.00    0.0    0.0   0.00   0.00    174     10      7      0
  2002      3    0.0    0.0   0.14   0.00    0.0    0.0   0.14   0.00    0.0    0.0   0.03   0.00    0.0    0.0   0.01   0.00    0.0    0.0   0.00   0.00    174     15     10      0
  2002      4    0.2    0.2   0.15   0.01    1.9    1.9   0.20   0.04    0.9    0.9   0.04   0.03    0.6    0.6   0.02   0.02    0.0    0.0   0.00   0.00    177     33     22      0
  2002      5    0.5    0.5   0.18   0.02   10.1   10.1   0.25   0.22    4.7    1.6   0.05   0.05    1.3    1.3   0.02   0.02    0.0    0.0   0.00   0.00    197     57     39      0
  2002      6    0.6    0.6   0.06   0.02   15.7   15.7   0.41   0.35    4.1    2.3   0.07   0.07    0.2    0.2   0.03   0.01    0.0    0.0   0.00   0.00    122     64     42      0
  2002      7    0.5    0.5   0.09   0.01    9.4    9.4   0.63   0.21    0.0    0.0   0.10   0.00    0.0    0.0   0.04   0.00    0.0    0.0   0.00   0.00    375     66     62      0
  2002      8    0.6    0.6   0.45   0.02    9.2    9.2   0.68   0.20    0.0    0.0   0.09   0.00    0.0    0.0   0.04   0.00    0.0    0.0   0.00   0.00    434     21     43      0
  2002      9    0.6    0.6   0.50   0.02   10.6   10.6   0.51   0.23    1.7    1.7   0.07   0.05    0.0    0.0   0.03   0.00    0.0    0.0   0.00   0.00    413     13     34      0
  2002     10    0.2    0.2   0.29   0.01    0.8    0.8   0.19   0.02    0.2    0.2   0.04   0.01    0.2    0.2   0.01   0.01    0.0    0.0   0.00   0.00    257     11     19      0
  2002     11    0.0    0.0   0.18   0.00    0.0    0.0   0.15   0.00    0.0    0.0   0.03   0.00    0.0    0.0   0.01   0.00    0.0    0.0   0.00   0.00    214      6      6      0
  2002     12    0.0    0.0   0.15   0.00    0.0    0.0   0.14   0.00    0.0    0.0   0.03   0.00    0.0    0.0   0.01   0.00    0.0    0.0   0.00   0.00    209      4      3      0
  2003      1    0.0    0.0   0.14   0.00    0.0    0.0   0.13   0.00    0.0    0.0   0.03   0.00    0.0    0.0   0.01   0.00    0.0    0.0   0.00   0.00    201      3      3      0
  2003      2    0.0    0.0   0.13   0.00    0.0    0.0   0.13   0.00    0.0    0.0   0.03   0.00    0.0    0.0   0.01   0.00    0.0    0.0   0.00   0.00    203      6      5      0
  2003      3    0.0    0.0   0.13   0.00    0.0    0.0   0.14   0.00    0.0    0.0   0.03   0.00    0.0    0.0   0.01   0.00    0.0    0.0   0.00   0.00    142      7      6      0
  2003      4    0.1    0.1   0.15   0.00    0.0    0.0   0.18   0.00    0.0    0.0   0.03   0.00    0.1    0.1   0.01   0.00    0.0    0.0   0.00   0.00    188     22     17      0
  2003      5    0.4    0.4   0.19   0.01   11.1   11.1   0.33   0.24    4.2    1.5   0.05   0.05    1.5    1.5   0.02   0.02    0.0    0.0   0.00   0.00    153     40     31      0
  2003      6    0.4    0.4   0.11   0.01   14.3   14.3   0.47   0.31    0.0    0.0   0.07   0.00    0.0    0.0   0.03   0.00    0.0    0.0   0.00   0.00    296     52     47      0
  2003      7    0.4    0.4   0.18   0.01   15.1   15.1   0.65   0.33    0.0    0.0   0.08   0.00    0.0    0.0   0.04   0.00    0.0    0.0   0.00   0.00    213     30     37      0
  2003      8    0.4    0.4   0.35   0.01   15.9   15.9   0.68   0.35    0.0    0.0   0.07   0.00    0.0    0.0   0.03   0.00    0.0    0.0   0.00   0.00    297     33     43      0
  2003      9    0.4    0.4   0.35   0.01   14.9   14.9   0.49   0.33    2.6    1.6   0.05   0.05    0.2    0.2   0.02   0.01    0.0    0.0   0.00   0.00    334     19     39      0
  2003     10    0.2    0.2   0.17   0.00    0.9    0.9   0.19   0.02    0.4    0.4   0.03   0.01    0.4    0.4   0.01   0.01    0.0    0.0   0.00   0.00     75     14     20      0
  2003     11    0.0    0.0   0.17   0.00    0.0    0.0   0.14   0.00    0.0    0.0   0.02   0.00    0.0    0.0   0.01   0.00    0.0    0.0   0.00   0.00    -19     10     11     36
  2003     12    0.0    0.0   0.15   0.00    0.0    0.0   0.14   0.00    0.0    0.0   0.02   0.00    0.0    0.0   0.01   0.00    0.0    0.0   0.00   0.00    -19      3      4    108
  2004      1    0.0    0.0   0.14   0.00    0.0    0.0   0.13   0.00    0.0    0.0   0.02   0.00    0.0    0.0   0.01   0.00    0.0    0.0   0.00   0.00     29      3      3     27
  2004      2    0.0    0.0   0.13   0.00    0.0    0.0   0.13   0.00    0.0    0.0   0.02   0.00    0.0    0.0   0.01   0.00    0.0    0.0   0.00   0.00     57      4      4      0
  2004      3    0.0    0.0   0.14   0.00    0.0    0.0   0.15   0.00    0.0    0.0   0.02   0.00    0.0    0.0   0.01   0.00    0.0    0.0   0.00   0.00     29      6      7      0
  2004      4    0.1    0.1   0.16   0.00    0.2    0.2   0.20   0.01    0.2    0.2   0.02   0.01    0.3    0.3   0.01   0.01    0.0    0.0   0.00   0.00     68     21     22      0
  2004      5    0.2    0.2   0.21   0.01   11.7   11.7   0.33   0.26    3.1    1.2   0.04   0.04    1.2    1.2   0.02   0.02    0.0    0.0   0.00   0.00    165     30     31      0
  2004      6    0.2    0.2   0.09   0.01   14.4   14.4   0.44   0.32    2.0    1.7   0.05   0.05    0.1    0.1   0.03   0.00    0.0    0.0   0.00   0.00    231     41     46      0
  2004      7    0.3    0.3   0.14   0.01   15.2   15.2   0.58   0.33    0.0    0.0   0.07   0.00    0.0    0.0   0.03   0.00    0.0    0.0   0.00   0.00    123     30     32      0
  2004      8    0.3    0.3   0.27   0.01   16.0   16.0   0.57   0.35    0.1    0.1   0.06   0.00    0.0    0.0   0.03   0.00    0.0    0.0   0.00   0.00    159     34     40      0
  2004      9    0.3    0.3   0.24   0.01   16.9   16.9   0.45   0.37    3.7    1.4   0.04   0.04    1.6    1.6   0.02   0.02    0.0    0.0   0.00   0.00    140     37     48      0
  2004     10    0.2    0.2   0.09   0.00    4.5    4.5   0.19   0.10    0.9    0.8   0.03   0.03    0.6    0.6   0.02   0.02    0.0    0.0   0.00   0.00    182     22     28      0
  2004     11    0.0    0.0   0.10   0.00    0.0    0.0   0.13   0.00    0.0    0.0   0.02   0.00    0.0    0.0   0.01   0.00    0.0    0.0   0.00   0.00     64      9     10      0
  2004     12    0.0    0.0   0.13   0.00    0.0    0.0   0.13   0.00    0.0    0.0   0.02   0.00    0.0    0.0   0.01   0.00    0.0    0.0   0.00   0.00     25      3      3      0
  2005      1    0.0    0.0   0.14   0.00    0.0    0.0   0.13   0.00    0.0    0.0   0.02   0.00    0.0    0.0   0.01   0.00    0.0    0.0   0.00   0.00     17      3      3      0
  2005      2    0.0    0.0   0.13   0.00    0.0    0.0   0.13   0.00    0.0    0.0   0.01   0.00    0.0    0.0   0.01   0.00    0.0    0.0   0.00   0.00     31      4      4      0
  2005      3    0.0    0.0   0.14   0.00    0.0    0.0   0.14   0.00    0.0    0.0   0.01   0.00    0.0    0.0   0.01   0.00    0.0    0.0   0.00   0.00     60      5      6      0
  2005      4    0.1    0.1   0.15   0.00    0.0    0.0   0.21   0.00    0.0    0.0   0.02   0.00    0.0    0.0   0.01   0.00    0.0    0.0   0.00   0.00      1     16     18      0
  2005      5    0.1    0.1   0.23   0.00    9.2    9.2   0.30   0.20    2.0    0.9   0.03   0.03    0.9    0.9   0.02   0.02    0.0    0.0   0.00   0.00    199     28     33      8
  2005      6    0.2    0.2   0.12   0.00   12.8   12.8   0.62   0.28    0.0    0.0   0.07   0.00    0.0    0.0   0.04   0.00    0.0    0.0   0.00   0.00    168     32     38      0
  2005      7    0.1    0.1   0.36   0.00   12.8   12.8   0.74   0.28    0.0    0.0   0.06   0.00    0.0    0.0   0.04   0.00    0.0    0.0   0.00   0.00    191     33     44      0
  2005      8    0.2    0.2   0.48   0.01   15.9   15.9   0.68   0.35    0.0    0.0   0.06   0.00    0.0    0.0   0.04   0.00    0.0    0.0   0.00   0.00    220     31     49      0
  2005      9    0.2    0.2   0.35   0.01   16.7   16.7   0.51   0.37    2.6    1.2   0.04   0.04    1.5    1.5   0.03   0.03    0.0    0.0   0.00   0.00    171     26     45      0
  2005     10    0.1    0.1   0.15   0.00    6.5    6.5   0.22   0.14    1.1    0.7   0.02   0.02    1.0    1.0   0.02   0.02    0.0    0.0   0.00   0.00     91     16     23      0
  2005     11    0.0    0.0   0.09   0.00    0.0    0.0   0.13   0.00    0.0    0.0   0.02   0.00    0.0    0.0   0.01   0.00    0.0    0.0   0.00   0.00     23      9     12      0
  2005     12    0.0    0.0   0.14   0.00    0.0    0.0   0.14   0.00    0.0    0.0   0.01   0.00    0.0    0.0   0.01   0.00    0.0    0.0   0.00   0.00      5      2      3      3
  2006      1    0.0    0.0   0.14   0.00    0.0    0.0   0.13   0.00    0.0    0.0   0.01   0.00    0.0    0.0   0.01   0.00    0.0    0.0   0.00   0.00     -1      2      3     32
  2006      2    0.0    0.0   0.14   0.00    0.0    0.0   0.13   0.00    0.0    0.0   0.01   0.00    0.0    0.0   0.01   0.00    0.0    0.0   0.00   0.00      6      3      5     21
  2006      3    0.0    0.0   0.14   0.00    0.0    0.0   0.14   0.00    0.0    0.0   0.01   0.00    0.0    0.0   0.01   0.00    0.0    0.0   0.00   0.00     16      5      6      4
  2006      4    0.1    0.1   0.15   0.00    1.1    1.1   0.21   0.02    0.4    0.4   0.02   0.01    0.6    0.6   0.01   0.01    0.0    0.0   0.00   0.00     69     15     21      0
  2006      5    0.1    0.1   0.21   0.00   13.8   13.8   0.35   0.30    2.3    1.0   0.03   0.03    1.8    1.8   0.03   0.03    0.0    0.0   0.00   0.00    108     25     31      0
  2006      6    0.1    0.1   0.07   0.00   14.9   14.9   0.51   0.33    0.0    0.0   0.04   0.00    0.0    0.0   0.05   0.00    0.0    0.0   0.00   0.00    154     35     41      0
  2006      7    0.1    0.1   0.20   0.00   11.7   11.7   0.74   0.26    0.0    0.0   0.05   0.00    0.0    0.0   0.06   0.00    0.0    0.0   0.00   0.00    160     30     41      0
  2006      8    0.1    0.1   0.50   0.00   16.3   16.3   0.62   0.36    0.0    0.0   0.04   0.00    0.0    0.0   0.04   0.00    0.0    0.0   0.00   0.00    125     37     55      0
  2006      9    0.1    0.1   0.27   0.00    0.0    0.0   0.41   0.00    1.9    0.8   0.03   0.03    1.7    1.7   0.03   0.03    0.1    0.1   0.00   0.00     50     20     32      0
  2006     10    0.1    0.1   0.42   0.00    0.0    0.0   0.19   0.00    0.0    0.0   0.02   0.00    0.0    0.0   0.02   0.00    0.1    0.1   0.00   0.00     -1     14     18      1
  2006     11    0.0    0.0   0.19   0.00    0.0    0.0   0.19   0.00    0.0    0.0   0.01   0.00    0.0    0.0   0.01   0.00    0.1    0.1   0.00   0.00     -7      6      8     55
  2006     12    0.0    0.0   0.19   0.00    0.0    0.0   0.15   0.00    0.0    0.0   0.01   0.00    0.0    0.0   0.01   0.00    0.0    0.0   0.00   0.00     -2      3      4     47
  2007      1    0.0    0.0   0.15   0.00    0.0    0.0   0.13   0.00    0.0    0.0   0.01   0.00    0.0    0.0   0.01   0.00    0.0    0.0   0.00   0.00      8      3      4     16
  2007      2    0.0    0.0   0.13   0.00    0.0    0.0   0.13   0.00    0.0    0.0   0.01   0.00    0.0    0.0   0.01   0.00    0.0    0.0   0.00   0.00      8      3      4      8
  2007      3    0.0    0.0   0.13   0.00    0.0    0.0   0.14   0.00    0.0    0.0   0.01   0.00    0.0    0.0   0.01   0.00    0.0    0.0   0.00   0.00     25      6      8      2
  2007      4    0.0    0.0   0.15   0.00    0.0    0.0   0.20   0.00    0.1    0.1   0.01   0.00    0.4    0.4   0.01   0.01    0.1    0.1   0.00   0.00     46     12     15      0
  2007      5    0.1    0.1   0.21   0.00   11.8   11.8   0.34   0.26    1.6    0.7   0.02   0.02    1.3    1.3   0.03   0.03    0.0    0.0   0.00   0.00    205     27     36      0
  2007      6    0.1    0.1   0.10   0.00   13.5   13.5   0.53   0.30    0.0    0.0   0.04   0.00    0.0    0.0   0.05   0.00    0.0    0.0   0.01   0.00    238     24     38      0
  2007      7    0.1    0.1   0.25   0.00   14.4   14.4   0.62   0.32    0.0    0.0   0.03   0.00    0.0    0.0   0.05   0.00    0.1    0.1   0.00   0.00     97     25     38      0
  2007      8    0.1    0.1   0.32   0.00   15.2   15.2   0.60   0.33    0.0    0.0   0.03   0.00    0.0    0.0   0.04   0.00    0.0    0.0   0.01   0.00    205     29     49      0
  2007      9    0.1    0.1   0.29   0.00   16.1   16.1   0.47   0.35    1.1    0.7   0.02   0.02    0.6    0.6   0.03   0.02    0.0    0.0   0.00   0.00    293     21     55      0
  2007     10    0.1    0.1   0.12   0.00    9.0    9.0   0.26   0.20    0.9    0.5   0.02   0.02    1.1    1.1   0.02   0.02    0.1    0.1   0.00   0.00    152     10     25      0
  2007     11    0.0    0.0   0.07   0.00    0.0    0.0   0.13   0.00    0.0    0.0   0.01   0.00    0.0    0.0   0.01   0.00    0.0    0.0   0.00   0.00    139      7     11      0
  2007     12    0.0    0.0   0.13   0.00    0.0    0.0   0.13   0.00    0.0    0.0   0.01   0.00    0.0    0.0   0.01   0.00    0.0    0.0   0.00   0.00     90      2      3      0
  2008      1    0.0    0.0   0.14   0.00    0.0    0.0   0.13   0.00    0.0    0.0   0.01   0.00    0.0    0.0   0.01   0.00    0.0    0.0   0.00   0.00     55      2      4      0
  2008      2    0.0    0.0   0.13   0.00    0.0    0.0   0.13   0.00    0.0    0.0   0.01   0.00    0.0    0.0   0.01   0.00    0.0    0.0   0.00   0.00     68      3      4      0
  2008      3    0.0    0.0   0.13   0.00    0.0    0.0   0.13   0.00    0.0    0.0   0.01   0.00    0.0    0.0   0.01   0.00    0.0    0.0   0.00   0.00     67      5      8      0
  2008      4    0.0    0.0   0.14   0.00    1.8    1.8   0.22   0.04    0.4    0.4   0.01   0.01    0.7    0.7   0.02   0.02    0.1    0.1   0.00   0.00     72     10     15      0
  2008      5    0.1    0.1   0.20   0.00   10.0   10.0   0.28   0.22    1.0    0.5   0.02   0.02    1.4    1.4   0.03   0.03    0.1    0.1   0.00   0.00    161     25     37      0
  2008      6    0.1    0.1   0.09   0.00   14.3   14.3   0.52   0.32    0.0    0.0   0.03   0.00    0.0    0.0   0.05   0.00    0.1    0.1   0.01   0.00    114     20     27      0
  2008      7    0.1    0.1   0.23   0.00   15.2   15.2   0.66   0.33    0.0    0.0   0.03   0.00    0.0    0.0   0.05   0.00    0.0    0.0   0.01   0.00    181     23     37      0
  2008      8    0.1    0.1   0.35   0.00   16.0   16.0   0.57   0.35    0.0    0.0   0.02   0.00    0.0    0.0   0.04   0.00    0.0    0.0   0.01   0.00    199     16     33      0
  2008      9    0.1    0.1   0.23   0.00   16.9   16.9   0.43   0.37    1.2    0.6   0.02   0.02    1.7    1.7   0.03   0.03    0.1    0.1   0.00   0.00    170     15     34      0
  2008     10    0.0    0.0   0.06   0.00    2.8    2.8   0.19   0.06    0.2    0.2   0.01   0.01    0.7    0.7   0.02   0.02    0.2    0.2   0.00   0.00     94     11     20      0
  2008     11    0.0    0.0   0.13   0.00    0.0    0.0   0.14   0.00    0.0    0.0   0.01   0.00    0.0    0.0   0.01   0.00    0.0    0.0   0.00   0.00     47      4      6      0
  2008     12    0.0    0.0   0.14   0.00    0.0    0.0   0.13   0.00    0.0    0.0   0.01   0.00    0.0    0.0   0.01   0.00    0.0    0.0   0.00   0.00     27      3      5      0
  2009      1    0.0    0.0   0.13   0.00    0.0    0.0   0.13   0.00    0.0    0.0   0.01   0.00    0.0    0.0   0.01   0.00    0.0    0.0   0.00   0.00      3      2      3      7
  2009      2    0.0    0.0   0.13   0.00    0.0    0.0   0.13   0.00    0.0    0.0   0.01   0.00    0.0    0.0   0.01   0.00    0.0    0.0   0.00   0.00      6      3      5     17
  2009      3    0.0    0.0   0.13   0.00    0.0    0.0   0.14   0.00    0.0    0.0   0.01   0.00    0.0    0.0   0.01   0.00    0.0    0.0   0.00   0.00     10      6      9      4
  2009      4    0.0    0.0   0.15   0.00    0.0    0.0   0.22   0.00    0.2    0.2   0.01   0.01    0.6    0.6   0.02   0.02    0.3    0.3   0.00   0.00     47     13     21      0
  2009      5    0.0    0.0   0.23   0.00   10.8   10.8   0.30   0.24    0.9    0.4   0.01   0.01    1.6    1.6   0.03   0.03    0.2    0.2   0.01   0.01    166     25     37      0
  2009      6    0.0    0.0   0.08   0.00   14.5   14.5   0.45   0.32    0.5    0.5   0.02   0.01    0.0    0.0   0.05   0.00    0.1    0.1   0.01   0.00    185     23     35      0
  2009      7    0.0    0.0   0.15   0.00    0.0    0.0   0.57   0.00    0.0    0.0   0.02   0.00    0.0    0.0   0.05   0.00    0.4    0.4   0.01   0.01     -5     20     30      0
  2009      8    0.0    0.0   0.59   0.00   14.8   14.8   0.60   0.33    0.0    0.0   0.02   0.00    0.0    0.0   0.05   0.00    0.2    0.2   0.01   0.01    123     25     34     13
  2009      9    0.0    0.0   0.29   0.00   14.1   14.1   0.40   0.31    0.9    0.4   0.01   0.01    1.3    1.3   0.03   0.03    0.0    0.0   0.01   0.00    217     21     40      0
  2009     10    0.0    0.0   0.10   0.00    1.0    1.0   0.19   0.02    0.1    0.1   0.01   0.00    0.7    0.7   0.02   0.02    0.5    0.5   0.01   0.01     74      9     16      0
  2009     11    0.0    0.0   0.17   0.00    0.0    0.0   0.15   0.00    0.0    0.0   0.01   0.00    0.1    0.1   0.02   0.00    0.3    0.3   0.01   0.01     75      6      8      0
  2009     12    0.0    0.0   0.16   0.00    0.0    0.0   0.13   0.00    0.0    0.0   0.00   0.00    0.0    0.0   0.01   0.00    0.0    0.0   0.01   0.00     39      3      4      0
  2010      1    0.0    0.0   0.13   0.00    0.0    0.0   0.13   0.00    0.0    0.0   0.00   0.00    0.0    0.0   0.01   0.00    0.0    0.0   0.00   0.00     -1      2      2      6
  2010      2    0.0    0.0   0.13   0.00    0.0    0.0   0.14   0.00    0.0    0.0   0.00   0.00    0.0    0.0   0.01   0.00    0.0    0.0   0.00   0.00     35      3      4      9
  2010      3    0.0    0.0   0.14   0.00    0.0    0.0   0.17   0.00    0.0    0.0   0.01   0.00    0.0    0.0   0.01   0.00    0.3    0.3   0.01   0.01     59      8     10      0
  2010      4    0.0    0.0   0.18   0.00    5.8    5.8   0.25   0.13    0.4    0.3   0.01   0.01    1.2    1.2   0.02   0.02    0.5    0.5   0.01   0.01    142     18     24      0
  2010      5    0.0    0.0   0.14   0.00   13.4   13.4   0.38   0.29    1.0    0.4   0.01   0.01    1.8    1.8   0.04   0.04    0.0    0.0   0.02   0.00    215     18     27      0
  2010      6    0.0    0.0   0.10   0.00   14.1   14.1   0.47   0.31    0.3    0.3   0.02   0.01    0.0    0.0   0.05   0.00    0.8    0.8   0.02   0.02    129     23     31      0
  2010      7    0.0    0.0   0.19   0.00    9.5    9.5   0.72   0.21    0.0    0.0   0.02   0.00    0.0    0.0   0.06   0.00    0.0    0.0   0.03   0.00    241     27     45      0
  2010      8    0.0    0.0   0.52   0.00   15.3   15.3   0.65   0.34    0.0    0.0   0.02   0.00    0.0    0.0   0.05   0.00    0.3    0.3   0.03   0.01    131     27     45      0
  2010      9    0.0    0.0   0.33   0.00    4.1    4.1   0.44   0.09    1.0    0.3   0.01   0.01    2.4    2.4   0.03   0.03    2.1    2.1   0.02   0.02     62     25     36      0
  2010     10    0.0    0.0   0.35   0.00    2.6    2.6   0.17   0.06    0.2    0.2   0.01   0.01    1.0    1.0   0.02   0.02    0.8    0.8   0.02   0.02    146     23     23      0
  2010     11    0.0    0.0   0.12   0.00    0.0    0.0   0.12   0.00    0.0    0.0   0.00   0.00    0.0    0.0   0.02   0.00    0.5    0.5   0.02   0.02     63      9      9      0
  2010     12    0.0    0.0   0.13   0.00    0.0    0.0   0.12   0.00    0.0    0.0   0.00   0.00    0.0    0.0   0.02   0.00    0.0    0.0   0.01   0.00      8      3      3      0
  2011      1    0.0    0.0   0.12   0.00    0.0    0.0   0.13   0.00    0.0    0.0   0.00   0.00    0.0    0.0   0.01   0.00    0.0    0.0   0.01   0.00     17      2      2      2
  2011      2    0.0    0.0   0.13   0.00    0.0    0.0   0.13   0.00    0.0    0.0   0.00   0.00    0.0    0.0   0.01   0.00    0.0    0.0   0.01   0.00     37      5      4      0
  2011      3    0.0    0.0   0.13   0.00    0.0    0.0   0.14   0.00    0.0    0.0   0.00   0.00    0.0    0.0   0.01   0.00    0.0    0.0   0.01   0.00     14      8      6      0
  2011      4    0.0    0.0   0.15   0.00    0.0    0.0   0.20   0.00    0.0    0.0   0.00   0.00    0.0    0.0   0.02   0.00    1.6    1.6   0.01   0.01     -9     18     15     48
  2011      5    0.0    0.0   0.21   0.00    9.0    9.0   0.36   0.20    0.8    0.2   0.01   0.01    2.5    2.5   0.03   0.03    3.9    3.9   0.03   0.03     85     32     23     17
  2011      6    0.0    0.0   0.18   0.00   12.5   12.5   0.50   0.28    0.0    0.0   0.01   0.00    0.0    0.0   0.04   0.00    2.0    2.0   0.06   0.06    114     48     29      0
  2011      7    0.0    0.0   0.24   0.00    9.3    9.3   0.67   0.20    0.0    0.0   0.01   0.00    0.0    0.0   0.04   0.00    0.0    0.0   0.08   0.00    230     34     39      0
  2011      8    0.0    0.0   0.48   0.00   13.7   13.7   0.65   0.30    0.0    0.0   0.01   0.00    0.0    0.0   0.03   0.00    0.0    0.0   0.07   0.00    217     16     32      0
  2011      9    0.0    0.0   0.36   0.00   14.6   14.6   0.50   0.32    0.6    0.2   0.01   0.01    0.6    0.6   0.03   0.02    0.9    0.9   0.05   0.04    183     16     30      0
  2011     10    0.0    0.0   0.19   0.00    6.0    6.0   0.21   0.13    0.3    0.1   0.00   0.00    1.4    1.4   0.02   0.02    2.5    2.5   0.03   0.03    137     16     20      0
  2011     11    0.0    0.0   0.09   0.00    0.0    0.0   0.14   0.00    0.0    0.0   0.00   0.00    0.4    0.4   0.02   0.02    2.9    2.9   0.03   0.03     91     17     13      0
  2011     12    0.0    0.0   0.14   0.00    0.0    0.0   0.09   0.00    0.0    0.0   0.00   0.00    0.0    0.0   0.01   0.00    0.0    0.0   0.04   0.00     47      8      4      0
  2012      1    0.0    0.0   0.09   0.00    0.0    0.0   0.13   0.00    0.0    0.0   0.00   0.00    0.0    0.0   0.01   0.00    0.0    0.0   0.03   0.00     38      7      4      0
  2012      2    0.0    0.0   0.14   0.00    0.0    0.0   0.14   0.00    0.0    0.0   0.00   0.00    0.0    0.0   0.01   0.00    0.0    0.0   0.03   0.00     63      7      4      0
  2012      3    0.0    0.0   0.14   0.00    0.0    0.0   0.17   0.00    0.0    0.0   0.00   0.00    0.0    0.0   0.01   0.00    1.6    1.6   0.03   0.03     93     16      9      0
  2012      4    0.0    0.0   0.18   0.00    1.4    1.4   0.17   0.03    0.1    0.1   0.00   0.00    0.7    0.7   0.02   0.02    2.0    2.0   0.04   0.04    146     28     19      0
  2012      5    0.0    0.0   0.15   0.00   12.5   12.5   0.35   0.27    0.7    0.1   0.00   0.00    3.0    3.0   0.02   0.02    3.6    3.6   0.06   0.06    156     33     26      0
  2012      6    0.0    0.0   0.10   0.00   13.1   13.1   0.49   0.29    0.0    0.0   0.00   0.00    0.0    0.0   0.03   0.00    0.0    0.0   0.09   0.00    204     35     38      0
  2012      7    0.0    0.0   0.22   0.00   10.8   10.8   0.70   0.24    0.0    0.0   0.01   0.00    0.0    0.0   0.04   0.00    0.0    0.0   0.09   0.00    315     22     51      0
  2012      8    0.0    0.0   0.48   0.00   14.5   14.5   0.66   0.32    0.0    0.0   0.00   0.00    0.0    0.0   0.03   0.00    0.0    0.0   0.08   0.00    245     11     41      0
  2012      9    0.0    0.0   0.35   0.00   14.7   14.7   0.42   0.32    0.5    0.1   0.00   0.00    2.8    2.8   0.02   0.02    3.4    3.4   0.05   0.05    155     24     39      0
  2012     10    0.0    0.0   0.10   0.00    7.5    7.5   0.19   0.16    0.2    0.1   0.00   0.00    1.8    1.8   0.02   0.02    1.7    1.7   0.05   0.05    175     20     20      0
  2012     11    0.0    0.0   0.03   0.00    0.0    0.0   0.08   0.00    0.0    0.0   0.00   0.00    0.0    0.0   0.02   0.00    0.0    0.0   0.04   0.00    196      8     10      0
  2012     12    0.0    0.0   0.08   0.00    0.0    0.0   0.14   0.00    0.0    0.0   0.00   0.00    0.0    0.0   0.02   0.00    0.0    0.0   0.04   0.00    110      4      4      0
  2013      1    0.0    0.0   0.14   0.00    0.0    0.0   0.13   0.00    0.0    0.0   0.00   0.00    0.0    0.0   0.02   0.00    0.0    0.0   0.04   0.00     72      7      4      0
  2013      2    0.0    0.0   0.13   0.00    0.0    0.0   0.13   0.00    0.0    0.0   0.00   0.00    0.0    0.0   0.02   0.00    0.0    0.0   0.03   0.00    108      7      4      0
  2013      3    0.0    0.0   0.14   0.00    0.0    0.0   0.15   0.00    0.0    0.0   0.00   0.00    0.0    0.0   0.02   0.00    0.0    0.0   0.03   0.00    149      8      5      0
  2013      4    0.0    0.0   0.15   0.00    0.3    0.3   0.19   0.01    0.0    0.0   0.00   0.00    0.6    0.6   0.02   0.02    0.4    0.4   0.03   0.02    185     16     16      0
  2013      5    0.0    0.0   0.20   0.00   13.2   13.2   0.34   0.29    0.4    0.1   0.00   0.00    3.1    3.1   0.03   0.03    1.6    1.6   0.05   0.05    175     25     28      0
  2013      6    0.0    0.0   0.07   0.00   13.9   13.9   0.42   0.31    0.1    0.1   0.00   0.00    0.0    0.0   0.04   0.00    5.7    5.7   0.06   0.06    113     41     29      0
  2013      7    0.0    0.0   0.13   0.00   13.4   13.4   0.59   0.30    0.0    0.0   0.00   0.00    0.0    0.0   0.04   0.00    0.0    0.0   0.09   0.00    258     44     51      0
  2013      8    0.0    0.0   0.31   0.00   15.4   15.4   0.60   0.34    0.0    0.0   0.00   0.00    0.0    0.0   0.03   0.00    0.0    0.0   0.08   0.00    290     15     45      0
  2013      9    0.0    0.0   0.27   0.00   14.3   14.3   0.39   0.31    0.3    0.1   0.00   0.00    2.1    2.1   0.03   0.03    0.0    0.0   0.06   0.00    218      9     29      0
  2013     10    0.0    0.0   0.08   0.00    6.6    6.6   0.23   0.15    0.1    0.1   0.00   0.00    2.0    2.0   0.02   0.02    4.1    4.1   0.04   0.04    124     16     20      0
  2013     11    0.0    0.0   0.09   0.00    0.0    0.0   0.08   0.00    0.0    0.0   0.00   0.00    0.0    0.0   0.02   0.00    0.0    0.0   0.05   0.00     91     14      9      0
  2013     12    0.0    0.0   0.08   0.00    0.0    0.0   0.13   0.00    0.0    0.0   0.00   0.00    0.0    0.0   0.02   0.00    0.0    0.0   0.04   0.00    110      6      4      0
climate:     clim_1999-2013_measured.txt
environment: Env_Mer_Bleue_1999_2013.txt
parameters:  param.txt
init.val:    Inival_Mer_Bleue.txt
