     0   0.00   0.00   0.00   0.00   0.00     30    247    100     30      0    407    9.9      0   3200  35100    0.0   70.0  879.0    0.0    0.0    0.0    0.0    0.0    0.0    0.0    0.0   0.00   0.00   0.00   0.00   0.00    0.0    0.0    0.0   0.00   0.00   0.00   0.00   0.00     15    128   1301   1443     -0     -0     -0    0.0    0.0   0.00    0.0   0.00    0.0   0.00    0.0   0.00    0.0   0.00    100      0      0      0      0      0      0
  1999   0.03   0.38   0.41   0.16   0.00     16    215     59     18      0    309    7.8     29   2063  36188    0.8   46.3  903.1    0.1    0.1    2.2    7.9   36.0    4.7    1.8    0.0   0.23   0.79   0.15   0.05   0.00    7.2  154.2    6.7   0.12   1.92   0.12   1.50   0.00     10     84   1324   1418   -630   -165  -1103    6.7    4.1   0.06    1.9   0.00    0.7   0.65    0.3   0.00    0.0   0.00    501   1564    309    151    158    711      0
  2000   0.02   0.36   0.28   0.11   0.00     11    227     39     12      0    289    7.4     36   2034  36185    1.1   46.5  903.2    0.1    0.1    3.5    7.3   75.3    9.0    3.2    0.0   0.19   1.60   0.29   0.08   0.00   10.0  120.9    6.6   0.22   1.63   0.15   1.50   0.00     10     84   1324   1418   -269   -133   -430    5.3    5.8   0.02    4.2   0.00    1.6   0.63    0.5   0.00    0.1   0.00    463   1343    843    530    309    805      0
  2001   0.01   0.35   0.20   0.07   0.00      8    236     26      8      0    278    7.1     35   1974  36179    1.2   46.2  903.1    0.1    0.1    5.6    5.4   74.1    6.6    1.1    0.0   0.16   1.63   0.21   0.03   0.00   12.8  143.8    7.4   0.34   2.03   0.17   1.50   0.00     10     82   1324   1416   -300   -161   -415    6.8    6.2   0.00    4.4   0.00    1.3   0.49    0.3   0.00    0.0   0.00    502   1564    581    270    310    620      0
  2002   0.01   0.32   0.15   0.06   0.00      5    229     19      6      0    259    6.6     33   1918  36173    1.2   45.9  903.0    0.0    0.1    7.9    3.2   57.7    6.7    2.3    0.0   0.10   1.27   0.21   0.05   0.00   11.6  133.1    7.1   0.34   1.97   0.16   1.50   0.00     10     81   1324   1414   -244   -122   -434    6.3    5.3   0.00    3.6   0.00    1.5   0.42    0.8   0.00    0.6   0.00    482   1509    655    305    289    635      0
  2003   0.01   0.32   0.10   0.05   0.00      4    238     13      5      0    259    6.5     31   1861  36167    1.2   45.5  902.9    0.0    0.1   10.1    2.1   72.2    3.5    2.2    0.0   0.06   1.59   0.11   0.04   0.00   10.4  126.9    6.8   0.34   1.96   0.15   1.50   0.00     10     78   1324   1412   -172     19   -334    5.1    5.5   0.00    4.7   0.00    1.4   0.52    1.0   0.00    0.9   0.00    611   1292    585    240    263    858    144
  2004   0.00   0.33   0.08   0.05   0.00      2    250     11      5      0    269    6.6     31   1814  36161    1.2   45.2  902.8    0.0    0.1   11.9    1.5   79.0    5.3    3.8    0.1   0.05   1.74   0.17   0.07   0.00    9.3  115.5    6.6   0.31   1.84   0.14   1.50   0.00     10     77   1323   1410   -106    -25   -231    5.2    5.9   0.00    5.1   0.00    2.5   0.46    2.1   0.00    1.4   0.00    572   1342    819    240    276    807     27
  2005   0.00   0.33   0.06   0.05   0.00      2    256      8      5      0    271    6.6     30   1747  36154    1.2   44.5  902.6    0.0    0.1   14.3    1.0   73.9    2.9    3.3    0.1   0.03   1.63   0.09   0.06   0.00   10.9  135.1    7.0   0.37   2.22   0.15   1.50   0.00     10     74   1323   1407    -98     -1   -220    6.3    5.7   0.00    4.7   0.00    1.9   0.49    1.8   0.00    1.4   0.00    585   1376    746    202    280    769     10
  2006   0.00   0.30   0.05   0.06   0.01      1    245      6      6      0    258    6.2     29   1692  36147    1.2   43.9  902.5    0.0    0.1   16.9    0.7   57.9    2.2    4.1    0.4   0.02   1.27   0.07   0.07   0.01   10.0  122.0    6.9   0.34   2.07   0.14   1.50   0.00     10     72   1323   1405    -56      7   -160    7.1    5.8   0.00    3.8   0.00    1.9   0.52    1.9   0.00    3.4   0.00    590   1310    939    195    265   1103    159
  2007   0.00   0.32   0.04   0.06   0.01      1    259      5      5      0    271    6.4     28   1642  36141    1.2   43.3  902.4    0.0    0.1   18.9    0.5   80.0    2.0    3.4    0.3   0.02   1.76   0.06   0.08   0.01    9.2  115.6    6.5   0.33   2.01   0.13   1.50   0.00     10     70   1323   1402   -126     -8   -293    5.8    6.1   0.00    5.4   0.00    2.0   0.46    1.5   0.00    1.0   0.00    525   1519    719    169    286    680     26
  2008   0.00   0.32   0.03   0.06   0.01      1    266      4      6      1    277    6.5     29   1602  36135    1.2   42.8  902.3    0.0    0.1   20.9    0.4   77.1    1.7    4.5    0.7   0.01   1.70   0.05   0.09   0.02    8.8  107.0    6.2   0.31   1.90   0.12   1.50   0.00     10     68   1322   1400   -105    -27   -199    5.6    5.9   0.00    5.0   0.00    2.0   0.42    2.0   0.00    1.7   0.00    565   1173    667    137    230    707      0
  2009   0.00   0.29   0.03   0.07   0.03      0    253      3      6      2    265    6.2     28   1568  36129    1.2   42.5  902.2    0.0    0.1   23.2    0.3   55.1    1.6    4.3    1.9   0.01   1.21   0.05   0.10   0.04    8.6  100.9    6.1   0.30   1.82   0.11   1.50   0.00     10     66   1322   1398    -78      5   -217    5.3    6.0   0.00    3.7   0.00    2.1   0.38    1.7   0.00    2.2   0.00    555   1279    853    157    242    884     41
  2010   0.00   0.28   0.02   0.08   0.08      0    251      3      8      5    266    6.2     26   1518  36122    1.1   41.7  902.0    0.0    0.1   25.7    0.2   64.8    1.4    6.3    5.2   0.01   1.43   0.05   0.11   0.10    9.5  118.8    6.7   0.35   2.18   0.12   1.50   0.00     10     64   1322   1396   -103      1   -241    7.4    5.9   0.00    4.5   0.00    2.7   0.50    2.2   0.00    2.3   0.00    575   1409    790    187    259    826     15
  2011   0.00   0.28   0.02   0.08   0.20      0    251      2      8     13    274    6.2     23   1471  36116    1.0   40.9  901.9    0.1    0.1   28.1    0.2   65.1    0.5    5.0   13.8   0.01   1.43   0.02   0.08   0.22    8.9  119.3    6.6   0.35   2.22   0.11   1.50   0.00     10     62   1322   1394    -97      9   -230    7.0    6.0   0.00    4.8   0.00    2.0   0.68    1.6   0.00    2.1   0.00    546   1281    753    219    216    790     67
  2012   0.00   0.30   0.01   0.11   0.22      0    260      1     10     14    286    6.5     22   1432  36109    1.0   40.3  901.8    0.1    0.1   30.2    0.2   74.6    0.4    8.4   12.3   0.01   1.64   0.01   0.08   0.24    7.7  115.8    6.5   0.31   2.17   0.11   1.50   0.00     10     61   1321   1393   -158    -38   -315    7.1    6.0   0.00    5.3   0.00    2.4   0.73    2.4   0.00    1.1   0.00    513   1532    610    215    265    577      0
  2013   0.00   0.31   0.01   0.11   0.22      0    269      1     11     15    296    6.6     23   1410  36103    1.0   39.9  901.7    0.1    0.1   32.0    0.2   77.1    0.3    7.7   11.9   0.01   1.70   0.01   0.10   0.17    6.9  101.7    5.9   0.26   1.91   0.10   1.50   0.00     10     60   1321   1391   -158    -72   -290    5.7    5.9   0.00    5.2   0.00    2.3   0.66    1.8   0.00    1.1   0.00    513   1342    563    208    244    563      0
climate:     clim_1999-2013_measured.txt
environment: Env_Mer_Bleue_1999_2013.txt
parameters:  param.txt
init.val:    Inival_Mer_Bleue.txt
