Year	Month	Temp	Prec	Evap	Soiltemp
1999	1	3.4	54.5	10.5	5.56
1999	2	4	37.8	21.5	6.1
1999	3	1.3	15.2	37.2	3.67
1999	4	7.1	91	33.5	8.89
1999	5	11.2	100.3	56	12.58
1999	6	13.3	75.8	79.5	14.47
1999	7	13.1	54.5	64.6	14.29
1999	8	13.6	82.8	56.6	14.74
1999	9	12.6	95.5	57.6	13.84
1999	10	9.9	63.4	19.7	11.41
1999	11	5.7	45.1	14.5	7.63
1999	12	5.4	75.8	16.8	7.36
2000	1	5.9	89.2	23.7	7.81
2000	2	6.1	86.7	26.6	7.99
2000	3	4.1	49.4	33	6.19
2000	4	6.5	33.9	41.6	8.35
2000	5	10	56.7	44.7	11.5
2000	6	11.7	45.7	84.1	13.03
2000	7	15.1	82.1	69.5	16.09
2000	8	14.6	54.3	59.2	15.64
2000	9	13.1	37.9	49	14.29
2000	10	11.7	81	22	13.03
2000	11	8.9	52.7	14.9	10.51
2000	12	4.7	33.1	9.2	6.73
2001	1	3.2	43.1	13.6	5.38
2001	2	1	42.8	18.7	3.4
2001	3	2.1	13.1	31.3	4.39
2001	4	7.4	34.7	32.8	9.16
2001	5	10.7	43.9	50.2	12.13
2001	6	12.5	68.7	76.1	13.75
2001	7	12.7	51.6	78.2	13.93
2001	8	14.5	58.6	69.6	15.55
2001	9	15	42.6	43.4	16
2001	10	9.1	81.8	30.1	10.69
2001	11	8.3	104	19.6	9.97
2001	12	5.6	84.8	9.9	7.54
2002	1	5	41.6	18	7
2002	2	5.7	46.6	23.5	7.63
2002	3	7	20.7	35.1	8.8
2002	4	7.7	55.5	43.5	9.43
2002	5	11.8	76.5	52.3	13.12
2002	6	12.9	70.6	91.9	14.11
2002	7	13.9	94.2	77	15.01
2002	8	13.6	54.9	59.9	14.74
2002	9	13.6	66.1	40	14.74
2002	10	11.1	110.2	25.3	12.49
2002	11	6.1	69.8	16.8	7.99
2002	12	3.8	31	13.4	5.92
2003	1	-0.7	12.7	8.4	1.87
2003	2	5.7	29.7	18.1	7.63
2003	3	5.7	20.8	28.6	7.63
2003	4	8.6	61.6	35.8	10.24
2003	5	9.2	22	57.7	10.78
2003	6	10.8	10	78.4	12.22
2003	7	16.5	23.9	71	17.35
2003	8	15.4	52.2	62.6	16.36
2003	9	15	24.8	36	16
2003	10	9.8	140.1	30.1	11.32
2003	11	5.2	68.1	14.7	7.18
2003	12	5.5	58.7	16.8	7.45
2004	1	5.3	64.6	20.6	7.27
2004	2	3.1	20.6	17.3	5.29
2004	3	1.9	28.8	37	4.21
2004	4	5.6	40.8	42.3	7.54
2004	5	10.4	54.1	35.7	11.86
2004	6	15	77.5	66.6	16
2004	7	15.4	84.8	68.1	16.36
2004	8	16.6	12.9	89.9	17.44
2004	9	12.6	80.1	56.7	13.84
2004	10	10.1	99.5	29.5	11.59
2004	11	8.2	44.9	18.7	9.88
2004	12	4.4	59.4	11.8	6.46
2005	1	7	88.2	15.7	8.8
2005	2	4.5	52.9	23.6	6.55
2005	3	4.7	51.3	23.3	6.73
2005	4	7.1	74.2	33	8.89
2005	5	10	45.5	60.7	11.5
2005	6	14.6	61.3	96.6	15.64
2005	7	13.5	94.7	92.7	14.65
2005	8	13.8	101.4	57.8	14.92
2005	9	11.6	73	44	12.94
2005	10	8.6	105.2	26.2	10.24
2005	11	7	115.4	19.8	8.8
2005	12	3.8	44.2	13.3	5.92
2006	1	5.8	90.6	16.6	7.72
2006	2	6.8	93.9	24.8	8.62
2006	3	6.4	102.9	30.2	8.26
2006	4	8	72.5	53.7	9.7
2006	5	8.2	66.5	59.9	9.88
2006	6	11.6	31.6	70.5	12.94
2006	7	12.7	90.8	70	13.93
2006	8	12.8	65.9	64.6	14.02
2006	9	11.8	53.9	41.4	13.12
2006	10	10	87.5	23.4	11.5
2006	11	8.6	103	22.1	10.24
2006	12	5.4	34.2	13.5	7.36
2007	1	5.3	87.9	21.2	7.27
2007	2	5.9	96.7	25.6	7.81
2007	3	5.4	48.9	31.5	7.36
2007	4	7.7	82.7	30.1	9.43
2007	5	11.3	95.3	52.8	12.67
2007	6	14.1	58	101.2	15.19
2007	7	15.6	114.6	78.7	16.54
2007	8	13.9	44.8	61	15.01
2007	9	13.9	124	46.2	15.01
2007	10	10.6	85.5	19.2	12.04
2007	11	8.1	83.5	14.8	9.79
2007	12	6.3	36.5	10.4	8.17
2008	1	8.3	45.6	21.2	9.97
2008	2	3.6	29	21.2	5.74
2008	3	2.9	33.9	26.2	5.11
2008	4	4.4	37.4	56.2	6.46
2008	5	9.9	64.8	47.9	11.41
2008	6	12.9	98	75.5	14.11
2008	7	13.3	63.1	67	14.47
2008	8	13.7	86.3	67.7	14.83
2008	9	12	79.8	45.2	13.3
2008	10	9	75	26.8	10.6
2008	11	6.1	29.5	12.4	7.99
2008	12	2.8	13	10.9	5.02
2009	1	4.5	123.6	15.3	6.55
2009	2	5.4	66.5	20.4	7.36
2009	3	7.9	42.5	22.9	9.61
2009	4	8.2	73.6	40.6	9.88
2009	5	10.9	73.4	63.2	12.31
2009	6	14.6	83.3	80.4	15.64
2009	7	13.8	47.2	70.7	14.92
2009	8	15	115	56	16
2009	9	11.8	76.1	50	13.12
2009	10	9.1	78.7	25.6	10.69
2009	11	9.5	168.9	18.2	11.05
2009	12	7.7	57.7	14.9	9.43
2010	1	3.2	99.9	9.7	5.38
2010	2	6.9	89.2	22.1	8.71
2010	3	6.1	80	43.6	7.99
2010	4	6.3	41.4	53.3	8.17
2010	5	9.2	79.3	60.9	10.78
2010	6	11.3	40.8	65.4	12.67
2010	7	13.8	22.9	65	14.92
2010	8	19.9	54.4	98.9	20.41
2010	9	12.9	111.3	41.8	14.11
2010	10	10.3	69.9	23.7	11.77
2010	11	8.1	34.2	14.2	9.79
2010	12	6.2	86.4	14.8	8.08
2011	1	5.8	71.6	19.2	7.72
2011	2	7.1	101	16.7	8.89
2011	3	5.5	38	28.9	7.45
2011	4	8.2	51	49.2	9.88
2011	5	10.8	80	66.7	12.22
2011	6	11.7	3.9	64.2	13.03
2011	7	14.8	94.8	74	15.82
2011	8	14.5	59.8	65.3	15.55
2011	9	11.9	140.7	49.8	13.21
2011	10	9.5	84.8	25.6	11.05
2011	11	7.1	39.6	17.5	8.89
2011	12	6.8	77.9	19.5	8.62
2012	1	5.6	58.4	19.3	7.54
2012	2	5.6	49.8	19.6	7.54
2012	3	2.5	31.6	31.6	4.75
2012	4	6.7	41.1	39	8.53
2012	5	10.4	56.1	52.6	11.86
2012	6	12.7	34.7	83	13.93
2012	7	13.8	53	72.1	14.92
2012	8	13.5	84.2	63.8	14.65
2012	9	13.6	96.2	48.4	14.74
2012	10	10.1	121.5	25.6	11.59
2012	11	7.8	128	14.1	9.52
2012	12	6.8	72.2	14.7	8.62
2013	1	7	142.8	24.5	8.8
2013	2	6.6	117.8	22.5	8.44
2013	3	5.6	19.2	31.7	7.54
2013	4	7.4	53.8	42.6	9.16
2013	5	8.8	76	56	10.42
2013	6	15.1	58.1	100.4	16.09
2013	7	16.1	74.1	106.1	16.99
2013	8	13.5	115.4	61.2	14.65
2013	9	12	82.1	41.2	13.3
2013	10	8.3	98.8	23.8	9.97
2013	11	6.7	63.8	13.5	8.53
2013	12	6.7	79.3	15.2	8.53
2014	1	3.8	32.4	14.5	5.92
2014	2	7.5	53.4	25	9.25
2014	3	7.8	73.3	20.2	9.52
2014	4	7	54.9	44	8.8
2014	5	10	32.5	48.6	11.5
2014	6	11.7	69.9	80.4	13.03
2014	7	13.7	37.9	75.5	14.83
2014	8	13	48.6	45.5	14.2
2014	9	13	68.3	51.3	14.2
2014	10	9.6	49.8	25.8	11.14
2014	11	11.3	115.9	13.7	12.67
2014	12	8.1	84.7	17.5	9.79
2015	1	6.5	108	19.4	8.35
2015	2	5.9	76	22.1	7.81
2015	3	6.6	54.9	23.5	8.44
2015	4	8.8	60.2	27.7	10.42
2015	5	11.1	90.7	44	12.49
2015	6	15.5	113.2	97.4	16.45
2015	7	16.4	43.6	100.8	17.26
2015	8	15	96.2	65.1	16
2015	9	13.1	47	45.7	14.29
2015	10	9.9	106.5	32.3	11.41
2015	11	6.7	55.2	16.4	8.53
2015	12	7	109	14	8.8
2016	1	7.6	64.1	16.1	9.34
2016	2	3.6	79.3	15.8	5.74
2016	3	2	37.9	29.2	4.3
2016	4	7	67.7	41.6	8.8
2016	5	11.6	74.2	58.7	12.94
2016	6	12.7	90.4	54.8	13.93
2016	7	13.5	80	63.2	14.65
2016	8	15.1	14.8	70.5	16.09
2016	9	12.6	116.5	53.8	13.84
2016	10	9.8	83	21.8	11.32
2016	11	7.4	87.7	12.5	9.16
2016	12	9.4	102.9	24.7	10.96
2017	1	6.8	93.1	19.1	8.62
2017	2	5.1	103.5	23.8	7.09
2017	3	6.9	63.5	31.1	8.71
2017	4	7.4	67.1	47.5	9.16
2017	5	11.1	82.6	61	12.49
2017	6	14.5	91	61.8	15.55
2017	7	13.9	62.4	84.7	15.01
2017	8	15.8	36	91.6	16.72
2017	9	13.3	60.6	49.8	14.47
2017	10	8.9	113	24.7	10.51
2017	11	6.6	64	14.6	8.44
2017	12	3.6	41.3	10.5	5.74
2018	1	1.7	16.8	8.9	4.03
2018	2	3.4	68.6	17.3	5.56
2018	3	3.2	59.8	24.4	5.38
2018	4	6.1	12.2	47.3	7.99
2018	5	10.2	47.2	66.4	11.68
2018	6	13.2	41.9	75.8	14.38
2018	7	17.3	4.1	84.4	18.07
2018	8	16.6	58.3	58.2	17.44
2018	9	12.4	52.8	56.6	13.66
2018	10	9.8	117.8	22.4	11.32
2018	11	4.7	34	13	6.73
2018	12	7.4	85	14.1	9.16
2019	1	3.6	54.6	10.8	5.74
2019	2	5.1	107.1	17.8	7.09
2019	3	7.2	70.1	25.6	8.98
2019	4	5.4	27.4	45.9	7.36
2019	5	10.9	74.6	37.5	12.31
2019	6	13.6	86.6	96.8	14.74
2019	7	16.2	94	96.6	17.08
2019	8	15.5	105.1	69.8	16.45
2019	9	13.3	114.3	47.4	14.47
2019	10	10.2	141	26.4	11.68
2019	11	4.1	66	17.6	6.19
2019	12	2.8	9.3	6.6	5.02
2020	1	0.3	46	14.1	2.77
2020	2	7.2	57.4	17.1	8.98
2020	3	3.7	13	37.6	5.83
2020	4	7.4	58.1	32.7	9.16
2020	5	9.9	52.7	61.4	11.41
2020	6	10.9	20.8	65.7	12.31
2020	7	16.6	51.5	103.8	17.44
2020	8	13.2	56.1	54.2	14.38
2020	9	12.5	98.1	40.8	13.75
2020	10	10.4	63.8	27.1	11.86
2020	11	5.1	55.2	13.1	7.09
2020	12	6.3	54.4	16.4	8.17
2021	1	2.1	78.1	8.4	4.39
2021	2	5.7	86.4	21	7.63
2021	3	4	14.6	33.2	6.1
2021	4	7.5	76.4	41.3	9.25
2021	5	9.8	36.2	58.1	11.32
2021	6	15.5	13	106.4	16.45
2021	7	17.4	67.8	70.9	18.16
2021	8	15.2	90.3	76.3	16.18
2021	9	16	40.8	65.3	16.9
2021	10	9.5	50.8	25.1	11.05
2021	11	9	139.3	17.1	10.6
2021	12	4.9	36.6	12.6	6.91
2022	1	7.6	108.2	17.3	9.34
2022	2	3.9	16.7	18.3	6.01
2022	3	7.2	121.7	23.8	8.98
2022	4	8.1	51.5	43.3	9.79
2022	5	11.4	60	60.7	12.76
2022	6	14.8	91	82.3	15.82
2022	7	14.9	29.6	71.1	15.91
2022	8	18.2	0	81.2	18.88
2022	9	14.1	93	55	15.19
2022	10	8.1	88.8	29.4	9.79
2022	11	8.4	94.1	16.5	10.06
2022	12	6.4	75	14.5	8.26
2023	1	5.1	63.7	13.6	7.09
2023	2	4.6	62.4	15.7	6.64
2023	3	8.1	77	22.9	9.79
2023	4	8.1	37.4	30.8	9.79
2023	5	12.1	102	80.2	13.39
2023	6	14.2	46.4	69	15.28
2023	7	15.5	53.5	92.6	16.45
2023	8	14	46.3	72.8	15.1
2023	9	12.8	83.2	42.9	14.02
2023	10	9.2	106.3	22.6	10.78
2023	11	8.2	88.2	19.1	9.88
2023	12	5.6	55	11.8	7.54
2024	1	7.4	75.3	17	9.16
2024	2	3.3	23.6	19.4	5.47
2024	3	2.8	19.9	34.5	5.02
2024	4	6.6	58.4	39.8	8.44
2024	5	11.4	88.5	60.4	12.76
2024	6	14	49.2	68.4	15.1
2024	7	14.3	105.7	63.3	15.37
2024	8	14.4	85	56.8	15.46
2024	9	12.1	79.1	36.2	13.39
2024	10	9.9	85.1	25.8	11.41
2024	11	8.1	56.8	18.8	9.79
2024	12	2	37.5	9.7	4.3
2025	1	-2	0	18.1	0.7
2025	2	3.1	77.1	17.9	5.29
2025	3	4.9	70.2	32.9	6.91
2025	4	5.3	16.5	37	7.27
2025	5	9.5	41.4	62.5	11.05
2025	6	13.9	46.5	88.1	15.01
2025	7	14.3	117.5	83.7	15.37
2025	8	16.4	20.7	72.6	17.26
2025	9	12.8	106.7	49.2	14.02
2025	10	12.8	64.3	26.5	14.02
2025	11	10.3	117.4	20.1	11.77
2025	12	8.8	48.9	16.8	10.42
2026	1	5.4	65.2	19.2	7.36
2026	2	7.1	90.4	22.4	8.89
2026	3	7.5	48.6	33.2	9.25
2026	4	6.3	58.9	58.3	8.17
2026	5	10.1	42.4	49.8	11.59
2026	6	13.5	48.9	72.5	14.65
2026	7	13	17.2	62	14.2
2026	8	15	19.5	57.2	16
2026	9	12	124.8	49.8	13.3
2026	10	10.4	111.3	34.3	11.86
2026	11	7.6	124.3	23.8	9.34
2026	12	3.1	91.6	7.4	5.29
2027	1	3	78.6	11	5.2
2027	2	5	43	21	7
2027	3	5.4	63.9	38.6	7.36
2027	4	8.9	46.5	40	10.51
2027	5	11.1	77	71	12.49
2027	6	14.8	0	100.5	15.82
2027	7	15.1	46.8	44.8	16.09
2027	8	13.7	94.8	53.3	14.83
2027	9	11.4	122.5	46.6	12.76
2027	10	9.1	69.8	25.8	10.69
2027	11	8.2	94.2	13	9.88
2027	12	6.6	80.9	19.1	8.44
2028	1	2.2	26.7	11.1	4.48
2028	2	5.3	8.2	16.6	7.27
2028	3	6.2	44.1	20.6	8.08
2028	4	6.5	36.1	36.8	8.35
2028	5	10.5	42.8	55.1	11.95
2028	6	12.5	34.2	81.4	13.75
2028	7	15.8	65.7	67.8	16.72
2028	8	16	40.6	75	16.9
2028	9	12.9	89.2	42.7	14.11
2028	10	10.1	70.9	32.7	11.59
2028	11	5.8	61.7	16.5	7.72
2028	12	7	68.4	11.5	8.8
2029	1	5.7	73.9	14.3	7.63
2029	2	1.9	10.4	19.2	4.21
2029	3	5.1	40	33.7	7.09
2029	4	9.4	81.1	49.1	10.96
2029	5	10.9	50.2	54.9	12.31
2029	6	11.6	10.4	74.2	12.94
2029	7	13.9	63.2	59.3	15.01
2029	8	15.2	67.5	51.8	16.18
2029	9	13.9	98.7	42.9	15.01
2029	10	10.4	122.3	29.7	11.86
2029	11	7.5	65.3	17.5	9.25
2029	12	6.2	93.8	11.7	8.08
2030	1	5.7	75.9	18.4	7.63
2030	2	1.4	3.7	19.2	3.76
2030	3	6.1	70.5	21	7.99
2030	4	7.7	91.4	43.4	9.43
2030	5	9	63.8	55.1	10.6
2030	6	12.7	41.9	74.3	13.93
2030	7	14.4	35.6	67.8	15.46
2030	8	14.1	17.3	48.8	15.19
2030	9	15.6	11.4	60.9	16.54
2030	10	11.1	63.8	26.8	12.49
2030	11	9.8	77.4	19.9	11.32
2030	12	8.1	93.3	16.8	9.79
2031	1	8.6	82.2	25	10.24
2031	2	5	54.7	24	7
2031	3	8.6	61	29.5	10.24
2031	4	6.9	44.9	45.1	8.71
2031	5	11.6	68.4	65.1	12.94
2031	6	11.4	37.3	74.5	12.76
2031	7	15.6	71.3	90	16.54
2031	8	16.2	87.7	61.8	17.08
2031	9	11.9	76.6	53.3	13.21
2031	10	12.8	133	38	14.02
2031	11	8.9	59.8	15	10.51
2031	12	5.2	48.7	10.9	7.18
2032	1	0.8	32.5	10.8	3.22
2032	2	5.5	69.3	26.6	7.45
2032	3	8.9	105.5	21.4	10.51
2032	4	7.7	86.1	42.5	9.43
2032	5	11.2	46.8	60.4	12.58
2032	6	13.1	71.6	79.5	14.29
2032	7	13.8	102.2	69.8	14.92
2032	8	14.2	96.5	63.1	15.28
2032	9	13.1	101.5	52.1	14.29
2032	10	10.2	80.2	25.8	11.68
2032	11	6.5	78.6	16.6	8.35
2032	12	9.6	119.5	20.2	11.14
2033	1	6.8	93.1	24.5	8.62
2033	2	3.8	48.1	19.7	5.92
2033	3	4.4	1.9	39.4	6.46
2033	4	8	51.6	44	9.7
2033	5	10.3	73.6	66.5	11.77
2033	6	14	51.5	78.3	15.1
2033	7	14.6	73.8	68.8	15.64
2033	8	14.4	81.6	59.7	15.46
2033	9	12.3	114.4	39.8	13.57
2033	10	11.5	67.4	26.2	12.85
2033	11	8	76.4	17.6	9.7
2033	12	2	21.1	9.4	4.3
2034	1	7.1	107	19.2	8.89
2034	2	7.2	54.6	26	8.98
2034	3	7.7	65.6	41.2	9.43
2034	4	11.5	91	47.6	12.85
2034	5	13.8	105	68.6	14.92
2034	6	14.3	110.9	75.8	15.37
2034	7	14.6	81.3	83.7	15.64
2034	8	14.3	54.1	69.5	15.37
2034	9	14.6	44.5	50.1	15.64
2034	10	10.5	85.2	30	11.95
2034	11	8	71.3	13.6	9.7
2034	12	8.3	98	17.3	9.97
2035	1	5.6	48	14.9	7.54
2035	2	5.3	55.7	21.9	7.27
2035	3	5.2	95.1	31.1	7.18
2035	4	7.5	44	44.6	9.25
2035	5	10.2	56.8	70.9	11.68
2035	6	13.9	0	90.6	15.01
2035	7	18.8	81.1	75.4	19.42
2035	8	14.8	59.4	61.8	15.82
2035	9	13.9	70.2	32.4	15.01
2035	10	9.8	102.2	22.6	11.32
2035	11	5	59.1	11.5	7
2035	12	8.9	88.9	18.8	10.51
2036	1	7.4	28.1	11.4	9.16
2036	2	6.1	93.9	24.5	7.99
2036	3	5.8	41.1	29.6	7.72
2036	4	6.4	15.5	34.6	8.26
2036	5	11.5	97.4	48.8	12.85
2036	6	11.6	27.1	78.4	12.94
2036	7	16.7	91.5	106.1	17.53
2036	8	15.8	72.3	80.5	16.72
2036	9	13.2	96.2	34.4	14.38
2036	10	10.2	52.4	23.3	11.68
2036	11	6.4	50.3	14.8	8.26
2036	12	7.9	106.5	19.5	9.61
2037	1	7.8	73.4	21.4	9.52
2037	2	7.4	82	23.2	9.16
2037	3	7.2	49.8	30.6	8.98
2037	4	7	33.6	41.7	8.8
2037	5	9.5	24.2	54.5	11.05
2037	6	15.6	78.6	110.4	16.54
2037	7	14.2	85.5	64.8	15.28
2037	8	15.2	67	64.4	16.18
2037	9	11.4	114.7	43.5	12.76
2037	10	11.9	97.1	30.4	13.21
2037	11	10.2	132.7	15.4	11.68
2037	12	6.8	40.1	11.3	8.62
2038	1	6.1	68.1	16.9	7.99
2038	2	3.1	10.7	19	5.29
2038	3	2.6	17.3	32.7	4.84
2038	4	8.2	60	39.9	9.88
2038	5	9.6	10.2	69.4	11.14
2038	6	12.5	46.9	64.5	13.75
2038	7	14.2	57.2	47.1	15.28
2038	8	15.7	36.2	90.8	16.63
2038	9	14	81.6	50.5	15.1
2038	10	9.8	91.8	33.3	11.32
2038	11	7.5	140.1	21.2	9.25
2038	12	5.8	79.1	17.7	7.72
2039	1	6.4	82.1	19	8.26
2039	2	8.3	72.8	21.1	9.97
2039	3	6.3	76.5	22.6	8.17
2039	4	9.2	96.5	56.4	10.78
2039	5	11.7	30	69.1	13.03
2039	6	13.5	49.1	73.4	14.65
2039	7	16.7	65.7	74.6	17.53
2039	8	14.4	72.9	76.3	15.46
2039	9	12.9	126.8	46.6	14.11
2039	10	11.4	136.3	33.4	12.76
2039	11	8.8	114.3	21.9	10.42
2039	12	7.4	34.2	15.8	9.16
2040	1	2	26.6	13.6	4.3
2040	2	6.4	80.5	24.4	8.26
2040	3	5.3	50.3	33.7	7.27
2040	4	8.3	72.3	36.3	9.97
2040	5	10.6	87.3	62.3	12.04
2040	6	12.6	75.3	64.3	13.84
2040	7	14.1	122.6	80	15.19
2040	8	13.2	43.9	51.4	14.38
2040	9	10.9	97.1	46.7	12.31
2040	10	9.1	118.1	18.3	10.69
2040	11	6.6	64.1	15.4	8.44
2040	12	2.6	29.3	11.3	4.84
2041	1	-2.4	0	12.9	0.34
2041	2	0.9	34.2	19.1	3.31
2041	3	6.4	36.5	24.8	8.26
2041	4	4.9	42.4	50.7	6.91
2041	5	11.3	66.1	47.3	12.67
2041	6	13.2	72.6	56.2	14.38
2041	7	14.3	70.5	73.2	15.37
2041	8	16.7	36.3	79.7	17.53
2041	9	14.8	46.3	58.5	15.82
2041	10	10.5	109.1	24.9	11.95
2041	11	6.3	107.1	14.1	8.17
2041	12	4.9	41.6	9.4	6.91
2042	1	5.4	44.5	17.6	7.36
2042	2	6.7	83.4	17.3	8.53
2042	3	4	14.3	34.4	6.1
2042	4	4.7	54.4	40.9	6.73
2042	5	10.9	76.8	41.7	12.31
2042	6	13.2	51.2	92.1	14.38
2042	7	17.4	91.8	83.2	18.16
2042	8	18.1	89.2	79.9	18.79
2042	9	14	63.3	53.5	15.1
2042	10	9.8	48.9	24.2	11.32
2042	11	6.9	48.2	14.1	8.71
2042	12	6.7	68.4	15.9	8.53
2043	1	6.6	100.9	22.1	8.44
2043	2	6.6	92.7	19.2	8.44
2043	3	6.4	48.9	29.8	8.26
2043	4	8.9	76.3	49.7	10.51
2043	5	10.8	71.7	57.3	12.22
2043	6	13.2	61.2	74.8	14.38
2043	7	14.9	71.5	59.9	15.91
2043	8	15.1	77	76	16.09
2043	9	14.8	76.8	49.4	15.82
2043	10	10.8	77	26.5	12.22
2043	11	7.1	56.7	18.5	8.89
2043	12	7.6	105.8	21.2	9.34
2044	1	7.8	117.4	25	9.52
2044	2	6.4	56.4	25.4	8.26
2044	3	4.9	29.7	31.1	6.91
2044	4	6.4	53.9	52.4	8.26
2044	5	8.4	63.6	53.4	10.06
2044	6	12.7	46.3	69.4	13.93
2044	7	15.2	60.5	84	16.18
2044	8	16.2	18.8	45.7	17.08
2044	9	15	47.3	43.3	16
2044	10	11.8	71.2	27.7	13.12
2044	11	9.3	65.2	15.8	10.87
2044	12	7.4	58.6	15.8	9.16
2045	1	1.8	26.9	11.4	4.12
2045	2	0.2	0	27	2.68
2045	3	4.6	46.3	20.2	6.64
2045	4	5	11.8	59.7	7
2045	5	8.8	44.5	57.5	10.42
2045	6	11.6	27.1	68.9	12.94
2045	7	14.6	78.5	65	15.64
2045	8	14.3	44.9	75.3	15.37
2045	9	11.8	79.8	34.9	13.12
2045	10	11.2	70.3	23.4	12.58
2045	11	6.4	34.8	14.8	8.26
2045	12	5.1	28.7	10.1	7.09
2046	1	7.5	69.3	16.8	9.25
2046	2	4.3	60.9	18.8	6.37
2046	3	6.7	91.6	43.3	8.53
2046	4	9.9	82.4	38.7	11.41
2046	5	10.4	32.3	55.5	11.86
2046	6	15.7	89.7	88.5	16.63
2046	7	17.4	118.5	101	18.16
2046	8	16.3	2	73.2	17.17
2046	9	16.1	50.9	56.2	16.99
2046	10	11.7	94.7	40.7	13.03
2046	11	9.3	84.2	21.3	10.87
2046	12	2.8	29	8.7	5.02
2047	1	5.3	45.6	12.1	7.27
2047	2	7.7	65.5	19.3	9.43
2047	3	5.2	22	36.5	7.18
2047	4	6.4	44.6	53.5	8.26
2047	5	10.5	40.1	66.3	11.95
2047	6	13.3	76.7	74.9	14.47
2047	7	16.7	49.2	87.7	17.53
2047	8	14.4	38.4	84.7	15.46
2047	9	12.1	85.2	47.1	13.39
2047	10	10.9	106.5	29.8	12.31
2047	11	9.9	167.9	14.3	11.41
2047	12	7.8	114.1	22.5	9.52
2048	1	4.3	24.6	13.8	6.37
2048	2	1.4	66.3	16.1	3.76
2048	3	4.9	44.1	27.3	6.91
2048	4	8	20.6	51	9.7
2048	5	12.5	38.7	79.4	13.75
2048	6	12.6	32	96.2	13.84
2048	7	13.9	31	65.9	15.01
2048	8	15.3	74.1	46	16.27
2048	9	13.7	97.5	45.6	14.83
2048	10	9.3	90.9	21.3	10.87
2048	11	6.5	72.4	20.1	8.35
2048	12	6.6	109.6	10.5	8.44
2049	1	7.2	75.8	15.7	8.98
2049	2	4.7	57.4	16.7	6.73
2049	3	3.2	45.3	37.2	5.38
2049	4	7.5	46.5	35.3	9.25
2049	5	11.4	91.4	43.5	12.76
2049	6	15.3	64.7	78.7	16.27
2049	7	14.8	118.3	82.2	15.82
2049	8	13.1	77.7	59.9	14.29
2049	9	13	97.8	46.6	14.2
2049	10	10.5	53.4	17.5	11.95
2049	11	7.9	104	12.7	9.61
2049	12	9.6	45.4	17.3	11.14
2050	1	8.1	111.6	14	9.79
2050	2	6.4	94.8	23.2	8.26
2050	3	6.1	47.7	32	7.99
2050	4	8	28.4	48.3	9.7
2050	5	11.8	60.9	73.8	13.12
2050	6	14.5	72.6	88.2	15.55
2050	7	14.6	34.8	67.3	15.64
2050	8	15.7	71	68.4	16.63
2050	9	14.5	131.5	56.1	15.55
2050	10	10.1	84.6	31.3	11.59
2050	11	9.3	117.1	24.4	10.87
2050	12	8.6	127.5	23.1	10.24
2051	1	5.8	71.4	18	7.72
2051	2	5.6	46.6	17.1	7.54
2051	3	5.1	48.4	31.6	7.09
2051	4	8.9	49.2	53.1	10.51
2051	5	11.2	79.4	49.8	12.58
2051	6	12.1	97.1	79.9	13.39
2051	7	16.3	84.4	89.6	17.17
2051	8	14.4	55.3	69.9	15.46
2051	9	15.2	55.5	57.2	16.18
2051	10	10.7	62.2	26.7	12.13
2051	11	8.3	60.6	18.4	9.97
2051	12	7.2	74.6	15	8.98
2052	1	6.7	69.8	14.1	8.53
2052	2	6.2	21.1	22.6	8.08
2052	3	3.8	36.5	27.1	5.92
2052	4	5.2	48.8	62.6	7.18
2052	5	9.9	56.8	58.5	11.41
2052	6	14.6	89.4	57.8	15.64
2052	7	16.3	84.9	92.1	17.17
2052	8	15.8	87.9	68.9	16.72
2052	9	13.3	77.2	47.1	14.47
2052	10	11.4	79.2	29.5	12.76
2052	11	8	93.9	19	9.7
2052	12	5.6	55.5	12.7	7.54
2053	1	6.8	48.5	16.3	8.62
2053	2	5	69.7	20.6	7
2053	3	7.8	27.1	23.1	9.52
2053	4	9.1	58.1	44.6	10.69
2053	5	11.1	40.7	78.6	12.49
2053	6	14	124.1	84.4	15.1
2053	7	15.1	85.6	74	16.09
2053	8	14.9	90.3	68	15.91
2053	9	14.1	18.6	44.3	15.19
2053	10	11.9	59.9	27.3	13.21
2053	11	8.4	122.5	19.9	10.06
2053	12	9.1	113.6	16.5	10.69
2054	1	6.9	89.1	21.8	8.71
2054	2	6.5	46.3	21	8.35
2054	3	4.1	22.8	32.5	6.19
2054	4	6.6	19.6	48.3	8.44
2054	5	12.3	49.8	44.1	13.57
2054	6	14.9	9.1	105	15.91
2054	7	16.2	81.7	85	17.08
2054	8	16.2	11.8	63.9	17.08
2054	9	16.3	71.9	43.1	17.17
2054	10	16.4	107.8	28.1	17.26
2054	11	9.6	82.7	14.4	11.14
2054	12	5.8	40.7	10.8	7.72
2055	1	6.6	45.6	17.6	8.44
2055	2	7.5	95.9	27.3	9.25
2055	3	3.6	8.8	28.9	5.74
2055	4	6.6	39	49.6	8.44
2055	5	11.3	57.2	71.7	12.67
2055	6	13.8	90.6	76.1	14.92
2055	7	16.8	39.2	89.1	17.62
2055	8	15.8	30.2	58.4	16.72
2055	9	13.9	129.1	48.1	15.01
2055	10	10.4	100.1	24.2	11.86
2055	11	10.5	108.3	15.3	11.95
2055	12	5.6	6.5	10	7.54
2056	1	1.8	39	10	4.12
2056	2	5.8	68.5	18.6	7.72
2056	3	6.1	31.4	31.7	7.99
2056	4	6.2	8	51.2	8.08
2056	5	10.4	56.6	60.2	11.86
2056	6	11.9	47.2	67.5	13.21
2056	7	16.5	55.4	75.6	17.35
2056	8	15.2	67.7	56.7	16.18
2056	9	15.1	107	39.1	16.09
2056	10	11.8	56.8	33.1	13.12
2056	11	9.2	103.9	16.4	10.78
2056	12	6.7	81.3	17.5	8.53
2057	1	7.5	94.5	13.1	9.25
2057	2	7.8	77.4	23.4	9.52
2057	3	8.4	64.1	32.3	10.06
2057	4	8.8	24.8	43.2	10.42
2057	5	10.3	30.9	57.5	11.77
2057	6	14.6	33.6	81	15.64
2057	7	16.3	47.8	74	17.17
2057	8	15.1	84.2	51.9	16.09
2057	9	14.5	37.6	38.1	15.55
2057	10	12.3	143.7	33.9	13.57
2057	11	7.8	105.7	15.2	9.52
2057	12	8.8	118.6	15	10.42
2058	1	8.7	118	25.3	10.33
2058	2	5.1	24.1	19.8	7.09
2058	3	4.5	32.5	34.8	6.55
2058	4	7.5	59.6	54.7	9.25
2058	5	10.4	50.3	52.7	11.86
2058	6	12.4	61.9	69.9	13.66
2058	7	14.1	63.2	59.3	15.19
2058	8	16.3	62.9	68.9	17.17
2058	9	12.3	80.6	43.8	13.57
2058	10	10.8	95.6	22.9	12.22
2058	11	9.4	104	15.7	10.96
2058	12	8.6	82.2	19.5	10.24
2059	1	6.6	49.7	13.6	8.44
2059	2	8.7	132.5	33.4	10.33
2059	3	7.1	62.1	24	8.89
2059	4	7.5	35.5	47.8	9.25
2059	5	9.6	25.6	62.6	11.14
2059	6	14.6	98.9	91.6	15.64
2059	7	14.3	75.9	78.2	15.37
2059	8	14.3	60.2	59.7	15.37
2059	9	13	84	36.3	14.2
2059	10	10	62.5	21.7	11.5
2059	11	9.3	56.9	21.4	10.87
2059	12	9.2	115.1	19	10.78
2060	1	8	61.3	17.4	9.7
2060	2	5.9	41.4	20.8	7.81
2060	3	4.6	54.6	35	6.64
2060	4	8.4	42.8	37	10.06
2060	5	12.1	74.6	54.6	13.39
2060	6	14.1	38.1	76.2	15.19
2060	7	15.3	101.5	83	16.27
2060	8	17.6	85	76.2	18.34
2060	9	13.9	52.6	51.9	15.01
2060	10	12.6	71.6	22.1	13.84
2060	11	7.1	14.1	16	8.89
2060	12	9.2	103.4	15.4	10.78
2061	1	6.1	90.9	24	7.99
2061	2	7.9	79.2	12.9	9.61
2061	3	9.2	94.1	27.8	10.78
2061	4	8.3	39	43.2	9.97
2061	5	11.3	22.7	52.6	12.67
2061	6	15.1	36.3	92.5	16.09
2061	7	16	69.7	98.2	16.9
2061	8	15.6	78.7	76.7	16.54
2061	9	12.5	89.9	58.2	13.75
2061	10	9.6	110.7	31.1	11.14
2061	11	8.7	137.9	19.8	10.33
2061	12	7.2	117.7	18.4	8.98
2062	1	4.3	49.5	13.3	6.37
2062	2	8.8	75.8	21	10.42
2062	3	8.1	40	26.3	9.79
2062	4	10.3	64.2	41.9	11.77
2062	5	12.8	66.3	57.9	14.02
2062	6	15.4	77	98	16.36
2062	7	17	83.2	91.4	17.8
2062	8	17	33.1	67	17.8
2062	9	16.1	119.9	47.4	16.99
2062	10	13.8	46.1	27.9	14.92
2062	11	9.8	84.1	18	11.32
2062	12	6.8	30.7	12.9	8.62
2063	1	1	13.6	9.9	3.4
2063	2	5.9	57.2	19.8	7.81
2063	3	8.1	61.3	28.7	9.79
2063	4	8.2	29	41.9	9.88
2063	5	11.5	61.7	59.3	12.85
2063	6	15.7	69.4	93.9	16.63
2063	7	16.5	22.7	88.8	17.35
2063	8	15.1	63.9	72.3	16.09
2063	9	15	129.8	46.8	16
2063	10	11.6	105.7	33.5	12.94
2063	11	9.5	89.9	20.8	11.05
2063	12	6.6	69	14.3	8.44
2064	1	4.5	57.5	11.5	6.55
2064	2	6.9	74.9	23.3	8.71
2064	3	7	53.9	28.3	8.8
2064	4	11.2	92.2	47.4	12.58
2064	5	11.9	96.5	72.7	13.21
2064	6	15.2	93.5	93.8	16.18
2064	7	15.6	53.2	82.4	16.54
2064	8	17.2	85.1	85.2	17.98
2064	9	17.6	45.4	60.7	18.34
2064	10	13.9	61.6	32.7	15.01
2064	11	12	107.2	16.1	13.3
2064	12	8.4	64.3	17.6	10.06
2065	1	9	100.4	17.6	10.6
2065	2	6.5	58.1	20.4	8.35
2065	3	8.3	51	34.9	9.97
2065	4	8.9	52.3	46.8	10.51
2065	5	11.8	85.9	74	13.12
2065	6	14.9	89.2	83.8	15.91
2065	7	18.7	57.8	106.7	19.33
2065	8	15.4	34.9	75.4	16.36
2065	9	13.9	87.7	51.6	15.01
2065	10	11.3	124.2	35.6	12.67
2065	11	6.9	61.3	20.9	8.71
2065	12	7.7	71.4	14.7	9.43
2066	1	6.7	123.6	18.6	8.53
2066	2	9.3	95.4	27.6	10.87
2066	3	7	55.8	28.7	8.8
2066	4	8.2	49.3	42.6	9.88
2066	5	12.7	66	58.2	13.93
2066	6	14.5	67	70.1	15.55
2066	7	16.1	43.3	80.8	16.99
2066	8	19	47.3	83.7	19.6
2066	9	15	101.1	57.3	16
2066	10	12.5	68.2	29.7	13.75
2066	11	10.1	70.8	12.4	11.59
2066	12	9.1	92.5	13.1	10.69
2067	1	9.4	83	18.2	10.96
2067	2	5.7	38.8	23.2	7.63
2067	3	4.7	26	28.2	6.73
2067	4	8.7	116	46.9	10.33
2067	5	9.8	27.8	56.6	11.32
2067	6	16.2	104.9	101.2	17.08
2067	7	15.4	58.1	105.2	16.36
2067	8	15.6	122.6	61.7	16.54
2067	9	14.5	61.8	53.1	15.55
2067	10	11.8	78.5	25.6	13.12
2067	11	10.8	104.2	16.6	12.22
2067	12	7.4	53.3	12.5	9.16
2068	1	7.4	21.3	13.4	9.16
2068	2	6.1	55.5	17.1	7.99
2068	3	5	36.8	28.5	7
2068	4	6.8	21.2	45.2	8.62
2068	5	9.6	74.8	59.8	11.14
2068	6	13.7	104.2	61.6	14.83
2068	7	15.5	71	79.6	16.45
2068	8	16.1	84.6	60.1	16.99
2068	9	13.1	88.7	41.1	14.29
2068	10	11.6	98	32.9	12.94
2068	11	8.6	97.3	16.1	10.24
2068	12	4.2	45.7	7.6	6.28
2069	1	7	60.7	15.2	8.8
2069	2	0.9	20.6	22.9	3.31
2069	3	3.8	58.3	26.2	5.92
2069	4	4.6	33.2	50.5	6.64
2069	5	11.9	82	36	13.21
2069	6	14.2	124.2	65.1	15.28
2069	7	14.5	105.1	75.4	15.55
2069	8	15	93.2	65.1	16
2069	9	13.3	101.7	51	14.47
2069	10	10.2	146.3	37	11.68
2069	11	8	115.1	18.3	9.7
2069	12	7	86.9	14.8	8.8
2070	1	7.4	69.3	13.6	9.16
2070	2	6.8	75.3	26.3	8.62
2070	3	8.6	102.3	35.2	10.24
2070	4	7.5	60.2	39.6	9.25
2070	5	11.1	51.3	68.3	12.49
2070	6	13.3	92.9	79.4	14.47
2070	7	15.3	67.6	75.3	16.27
2070	8	15.5	40.1	50	16.45
2070	9	12.9	88.2	45.8	14.11
2070	10	11.5	106.2	26.5	12.85
2070	11	9.8	84.6	19.4	11.32
2070	12	8.9	81.8	13.6	10.51
2071	1	8.8	96.2	15.5	10.42
2071	2	6.3	38.4	27.9	8.17
2071	3	6.6	26.5	39.6	8.44
2071	4	9.4	35.8	61.5	10.96
2071	5	10.8	55.5	43.2	12.22
2071	6	14	44.7	65	15.1
2071	7	15.2	54.5	79.7	16.18
2071	8	17.2	52.3	95.2	17.98
2071	9	14.6	102.3	59.7	15.64
2071	10	13	100.8	30.7	14.2
2071	11	11.2	99.1	20.3	12.58
2071	12	9.4	119.2	15.1	10.96
2072	1	8.4	102.1	21.6	10.06
2072	2	7.8	62.5	19.8	9.52
2072	3	8.9	68	31.6	10.51
2072	4	10.5	45.5	49.1	11.95
2072	5	12.5	56.8	80.6	13.75
2072	6	14.6	135.8	95.3	15.64
2072	7	14.6	51	70.5	15.64
2072	8	15.7	56.8	44.6	16.63
2072	9	16.8	54.8	70.4	17.62
2072	10	11.4	56.7	26.6	12.76
2072	11	8	63.6	19.2	9.7
2072	12	7.6	74.2	8.6	9.34
2073	1	8.9	106.6	24.1	10.51
2073	2	8.2	57.9	20.6	9.88
2073	3	8.9	57.4	30.1	10.51
2073	4	10.7	46.7	57.2	12.13
2073	5	11.7	73.6	62.8	13.03
2073	6	12.6	50	83.3	13.84
2073	7	15	88.4	64	16
2073	8	16.5	37.8	73.4	17.35
2073	9	15.5	37	49.8	16.45
2073	10	10.9	30.7	23.6	12.31
2073	11	8.4	87.8	18.4	10.06
2073	12	7.1	52.9	16	8.89
2074	1	8	98.6	10.5	9.7
2074	2	6.9	48.5	19.6	8.71
2074	3	9	81.1	34.1	10.6
2074	4	8.6	41.6	39.4	10.24
2074	5	13	77.7	63.7	14.2
2074	6	16.6	31.8	83.6	17.44
2074	7	15	62.7	72.3	16
2074	8	14.4	103.4	60.8	15.46
2074	9	14.1	99.6	54.7	15.19
2074	10	13.7	84.5	29.8	14.83
2074	11	6.1	78	14.4	7.99
2074	12	9.9	115.5	22.3	11.41
2075	1	6.8	48.6	12.2	8.62
2075	2	5.5	9.6	13.4	7.45
2075	3	6.6	45.7	29.7	8.44
2075	4	5.8	0	52.1	7.72
2075	5	11.4	90.2	75.8	12.76
2075	6	14.8	46.6	81.2	15.82
2075	7	18.5	21.5	84.1	19.15
2075	8	17.6	32.4	75.3	18.34
2075	9	16	113.5	47.7	16.9
2075	10	10.2	62.4	30.2	11.68
2075	11	9.5	79	17.3	11.05
2075	12	7.1	28.6	12.4	8.89
2076	1	5.8	40.7	10.9	7.72
2076	2	8.7	91.8	25	10.33
2076	3	9.3	100.6	35.8	10.87
2076	4	9.5	69.4	52.7	11.05
2076	5	12.1	133.2	65.5	13.39
2076	6	13.8	31.7	72.1	14.92
2076	7	16	103.5	81.3	16.9
2076	8	17.7	43.9	77.5	18.43
2076	9	15.5	54.8	49.8	16.45
2076	10	11.3	59.3	36.5	12.67
2076	11	10	77.8	17.5	11.5
2076	12	10.2	45.9	14.6	11.68
2077	1	6.7	114.5	12.6	8.53
2077	2	7.6	76.8	18.6	9.34
2077	3	6.5	65.8	30.3	8.35
2077	4	9.9	28.4	50.8	11.41
2077	5	9.5	28.6	73.6	11.05
2077	6	11.5	48.4	62.1	12.85
2077	7	14.9	21.9	68.3	15.91
2077	8	15.1	76.6	56.3	16.09
2077	9	13.6	67.8	57.2	14.74
2077	10	11.8	184.1	31.2	13.12
2077	11	7.1	61.8	14.7	8.89
2077	12	8.2	92	19.9	9.88
2078	1	8.8	92.8	19.3	10.42
2078	2	9	69.4	26.8	10.6
2078	3	7.9	71.3	35.7	9.61
2078	4	8.3	42	52.5	9.97
2078	5	12.3	102.6	60	13.57
2078	6	16	60.4	85.5	16.9
2078	7	16.1	72.7	79.9	16.99
2078	8	17	56.8	67.8	17.8
2078	9	13.3	115.4	56	14.47
2078	10	10.2	99.6	23.2	11.68
2078	11	5.4	61.2	13	7.36
2078	12	10.5	79.6	20	11.95
2079	1	9.5	123.9	15.3	11.05
2079	2	9.8	103	36.3	11.32
2079	3	8.1	120.5	28.6	9.79
2079	4	8.7	66.8	54.3	10.33
2079	5	11.5	82.3	64.6	12.85
2079	6	14.2	47.5	84.4	15.28
2079	7	16.1	30	79.7	16.99
2079	8	14.9	44.1	68.1	15.91
2079	9	14.6	100.3	35.8	15.64
2079	10	13.6	109.7	20.7	14.74
2079	11	9.9	137.5	22.6	11.41
2079	12	5.8	48.4	13.2	7.72
2080	1	7.5	71.3	13.7	9.25
2080	2	8.3	32.9	21.1	9.97
2080	3	7.5	43	33	9.25
2080	4	8.6	87.7	48.5	10.24
2080	5	11.3	91	71.3	12.67
2080	6	14.3	71.4	53.7	15.37
2080	7	17.8	70	112.6	18.52
2080	8	16.6	85.2	86.2	17.44
2080	9	15.5	101.9	47.3	16.45
2080	10	9.8	106.2	35.7	11.32
2080	11	8.9	133.4	15.8	10.51
2080	12	8.6	97.8	14.6	10.24
2081	1	7.5	116.6	14.1	9.25
2081	2	8.1	83.5	18.7	9.79
2081	3	7.1	62.5	27.4	8.89
2081	4	10.4	103.2	46.9	11.86
2081	5	10.3	20.7	77.7	11.77
2081	6	14.1	77.5	84.6	15.19
2081	7	16.1	14.9	86.8	16.99
2081	8	16.6	40.2	67.5	17.44
2081	9	14.9	87.4	48.6	15.91
2081	10	11.7	77.8	21.2	13.03
2081	11	7.9	76.1	16.2	9.61
2081	12	7	38.3	13.6	8.8
2082	1	6.5	41.7	16.7	8.35
2082	2	7.4	83.6	18.4	9.16
2082	3	7.9	63.8	25.6	9.61
2082	4	7.7	48.1	35.2	9.43
2082	5	11.1	15.5	84	12.49
2082	6	15.4	108	90.3	16.36
2082	7	15.4	100.3	69.5	16.36
2082	8	15.4	30.7	77	16.36
2082	9	16.5	43	62.8	17.35
2082	10	12.8	101.6	25.3	14.02
2082	11	8.2	99.1	13.6	9.88
2082	12	6.5	71.6	13.5	8.35
2083	1	5.5	96.6	18.5	7.45
2083	2	6.3	19	21.2	8.17
2083	3	9.3	49.2	27.9	10.87
2083	4	7.4	41.8	39.8	9.16
2083	5	11.4	56.9	50.7	12.76
2083	6	14.9	85.6	77.4	15.91
2083	7	18.2	61.9	85.3	18.88
2083	8	16.2	48.7	56	17.08
2083	9	15	143.9	48	16
2083	10	10.9	82.7	33.1	12.31
2083	11	10.1	106.9	18.8	11.59
2083	12	8.6	144	15.7	10.24
2084	1	7.5	95.8	15.9	9.25
2084	2	9	93.5	28.4	10.6
2084	3	9.6	83.1	30.8	11.14
2084	4	10.4	85.9	38.6	11.86
2084	5	12.6	45.4	54	13.84
2084	6	12.5	91	69.7	13.75
2084	7	16.3	61.9	97.1	17.17
2084	8	15.4	70.6	75.1	16.36
2084	9	13.6	101	42.7	14.74
2084	10	11.5	64.8	25.7	12.85
2084	11	9	100	15.3	10.6
2084	12	7.4	149.6	12	9.16
2085	1	10.1	71.7	19.2	11.59
2085	2	8.4	85.8	29.9	10.06
2085	3	8.7	52.8	36.8	10.33
2085	4	9	71.6	49.6	10.6
2085	5	12.3	83.1	74.3	13.57
2085	6	14.6	70.2	79.1	15.64
2085	7	16.5	82.5	63.3	17.35
2085	8	18.1	58.5	60.8	18.79
2085	9	17.6	87.2	61.6	18.34
2085	10	11.3	111.2	27.8	12.67
2085	11	7.8	94.9	16.7	9.52
2085	12	9.3	94.7	11.8	10.87
2086	1	8.6	80.9	16.3	10.24
2086	2	5.9	86.6	18.6	7.81
2086	3	8.9	33	28.3	10.51
2086	4	7.1	53.5	47.3	8.89
2086	5	11.4	81.5	53.4	12.76
2086	6	12.4	39	37.7	13.66
2086	7	19.4	83.7	67	19.96
2086	8	16.5	73.2	73.6	17.35
2086	9	13.2	27	39.8	14.38
2086	10	13.9	68.5	24.4	15.01
2086	11	11.4	48.9	16.9	12.76
2086	12	10.8	92.9	17.5	12.22
2087	1	8	107.1	20.2	9.7
2087	2	10	76.3	26	11.5
2087	3	6.1	105.2	44.2	7.99
2087	4	9.2	51.7	28.2	10.78
2087	5	13	48.1	68	14.2
2087	6	15.1	139.3	80.9	16.09
2087	7	15.7	132.2	99.8	16.63
2087	8	15.2	106.3	73.2	16.18
2087	9	14	68.4	52.3	15.1
2087	10	12.3	99.9	20.4	13.57
2087	11	10.6	163.1	18.6	12.04
2087	12	9.3	50.8	15	10.87
2088	1	7.5	66	18.5	9.25
2088	2	6.9	65	22.6	8.71
2088	3	8	89.5	21.1	9.7
2088	4	10.6	91.5	47.7	12.04
2088	5	10.9	73	77.2	12.31
2088	6	13.6	24.1	65.3	14.74
2088	7	15.7	67.8	62.8	16.63
2088	8	16.2	70.8	48	17.08
2088	9	13.9	136.8	54	15.01
2088	10	12	87.7	38.2	13.3
2088	11	8.6	123	21.5	10.24
2088	12	2.6	33.6	8.3	4.84
2089	1	5.3	40.4	17.8	7.27
2089	2	1.8	19.9	16.9	4.12
2089	3	8.4	51.3	19.1	10.06
2089	4	7.6	69.1	48.6	9.34
2089	5	10.5	63.3	54.8	11.95
2089	6	13.8	115.9	65.4	14.92
2089	7	17.5	44.5	67	18.25
2089	8	16.6	114.7	63.5	17.44
2089	9	15.3	81.8	54.3	16.27
2089	10	14.8	115.8	30	15.82
2089	11	11.9	124.5	18.6	13.21
2089	12	8.2	73.2	19.1	9.88
2090	1	3.2	40	9.9	5.38
2090	2	7.2	153.1	25.2	8.98
2090	3	5.2	26.8	38	7.18
2090	4	7.7	39.5	47.6	9.43
2090	5	9.5	1.9	70.3	11.05
2090	6	13.7	61.4	79.2	14.83
2090	7	18.9	39.4	94.4	19.51
2090	8	16	131.5	69.8	16.9
2090	9	14.8	112.4	53.5	15.82
2090	10	12.1	131.7	28.6	13.39
2090	11	12.8	147.1	22.9	14.02
2090	12	7.6	98.5	16.8	9.34
2091	1	6.8	136.9	19.2	8.62
2091	2	9.6	82.8	25.9	11.14
2091	3	8.4	71.6	30.4	10.06
2091	4	10.3	86.1	47.2	11.77
2091	5	10.5	49.7	51.4	11.95
2091	6	15.8	31.2	71	16.72
2091	7	19.2	89.9	102.3	19.78
2091	8	16.6	53.4	94.2	17.44
2091	9	15	62.8	41.5	16
2091	10	11.1	99.1	34.6	12.49
2091	11	10.2	145.8	19.2	11.68
2091	12	5.3	70.2	12	7.27
2092	1	5.5	42.4	14.4	7.45
2092	2	9.5	93.1	26.7	11.05
2092	3	9.9	49.1	20.8	11.41
2092	4	7.6	39.1	36.7	9.34
2092	5	13.2	91.4	62.4	14.38
2092	6	17	65.5	90.7	17.8
2092	7	17.3	43.4	99.9	18.07
2092	8	16.1	83.7	77	16.99
2092	9	13.9	74.1	49.9	15.01
2092	10	12.4	88.3	29.1	13.66
2092	11	5.6	16.2	15	7.54
2092	12	3.6	24.1	9.1	5.74
2093	1	9.2	130.3	18.7	10.78
2093	2	8.1	98.4	31.3	9.79
2093	3	4	0	44.4	6.1
2093	4	7.5	31.4	45.7	9.25
2093	5	10.2	99.4	67.5	11.68
2093	6	15	35.5	68	16
2093	7	15.3	85.1	79.2	16.27
2093	8	15.5	137	62.7	16.45
2093	9	14	102.1	46.4	15.1
2093	10	12.8	180	25.9	14.02
2093	11	9.6	115.8	15.2	11.14
2093	12	8.9	96.2	22.1	10.51
2094	1	8.4	62.2	16.6	10.06
2094	2	8.7	80.3	18.2	10.33
2094	3	8.3	83.7	30.8	9.97
2094	4	8.3	48.4	44.1	9.97
2094	5	10.9	65.9	62.3	12.31
2094	6	16.1	83.3	68	16.99
2094	7	16.7	76.7	90.3	17.53
2094	8	16.1	47.9	54.9	16.99
2094	9	15.2	78.2	40.7	16.18
2094	10	13.6	116.3	32.3	14.74
2094	11	10.6	87.5	22.1	12.04
2094	12	4.6	41.1	10.7	6.64
2095	1	2.6	38.1	13.6	4.84
2095	2	2.2	4.7	19.5	4.48
2095	3	4.7	21.5	31.8	6.73
2095	4	9.2	66.4	36.4	10.78
2095	5	11.2	42.5	56	12.58
2095	6	17.9	10.3	118.3	18.61
2095	7	15.7	127	76.5	16.63
2095	8	15.7	104.3	74	16.63
2095	9	13.2	115.6	50.5	14.38
2095	10	11.3	126.9	26.8	12.67
2095	11	11.9	134.5	26.2	13.21
2095	12	9.3	64.5	14.1	10.87
2096	1	6.7	58.5	15.9	8.53
2096	2	5.7	18.5	15.8	7.63
2096	3	9	80.1	29	10.6
2096	4	11.1	101.6	45.1	12.49
2096	5	12	35.7	60.2	13.3
2096	6	16.3	33.1	96.4	17.17
2096	7	16.8	61.7	77.6	17.62
2096	8	15.1	26.7	62.1	16.09
2096	9	14.3	65.6	36.9	15.37
2096	10	13.2	51.8	19.9	14.38
2096	11	9.9	69.6	17.3	11.41
2096	12	9.9	100.6	17.6	11.41
2097	1	5.6	54.7	10.4	7.54
2097	2	8	35.2	15.3	9.7
2097	3	10.3	48.6	24.6	11.77
2097	4	11.5	113	47.9	12.85
2097	5	14.1	46.9	92.8	15.19
2097	6	15	81.5	73	16
2097	7	16.8	48.1	69.7	17.62
2097	8	14.8	54.2	68.6	15.82
2097	9	17	4.4	67.9	17.8
2097	10	12.6	64.2	29.2	13.84
2097	11	9.9	120.7	16.6	11.41
2097	12	10.2	122.7	20.1	11.68
2098	1	7.8	99.8	22	9.52
2098	2	5.9	40.6	19.8	7.81
2098	3	5.9	6.5	32.3	7.81
2098	4	11.2	31.1	57.1	12.58
2098	5	15.4	38.1	87.3	16.36
2098	6	13.6	32.1	73	14.74
2098	7	21.8	0	42	22.12
2098	8	19.1	93.3	68.2	19.69
2098	9	14.8	55.7	54.4	15.82
2098	10	14.5	74.2	21	15.55
2098	11	9.6	93.8	13.5	11.14
2098	12	8.6	24.6	13.3	10.24
2099	1	1.7	18.1	11.9	4.03
2099	2	5.9	65.2	20.8	7.81
2099	3	5	19.3	36.9	7
2099	4	7.1	46.1	49.6	8.89
2099	5	11.6	123.5	46.2	12.94
2099	6	15.3	48.9	72.5	16.27
2099	7	14.4	58.1	56.5	15.46
2099	8	17.4	70.2	73.9	18.16
2099	9	15.5	77.4	47.8	16.45
2099	10	11.8	104.9	35.1	13.12
2099	11	7.4	65	11.1	9.16
2099	12	8.8	46	15.7	10.42
