Year	Month	Temp	Prec	Evap	Soiltemp
1766	1	-3.7	15.9	3.7	-0.83
1766	2	-2.4	36.5	6.4	0.34
1766	3	0.9	30.4	19.3	3.31
1766	4	5.8	45.4	38.5	7.72
1766	5	7.9	62.2	46.7	9.61
1766	6	13.1	74.4	67.1	14.29
1766	7	15.6	71.2	49.9	16.54
1766	8	16.9	44.1	59.4	17.71
1766	9	12.6	50.8	33.4	13.84
1766	10	7.4	49.4	16.6	9.16
1766	11	4.7	50.6	11.5	6.73
1766	12	-0.4	36.6	5.8	2.14
1767	1	-4.5	45	3.4	-1.55
1767	2	2.4	52.5	25.2	4.66
1767	3	1.4	37.2	21.2	3.76
1767	4	4.9	37.6	35	6.91
1767	5	8.3	53.7	48.3	9.97
1767	6	11.9	48.2	62.4	13.21
1767	7	14	90.9	40.3	15.1
1767	8	16.2	60	54.1	17.08
1767	9	13.6	55	38.1	14.74
1767	10	7.4	60.5	16.6	9.16
1767	11	4.3	49.9	10.9	6.37
1767	12	-0.4	24.2	5.8	2.14
1768	1	-2.8	50.5	4.2	-0.02
1768	2	-1.9	57.1	8.3	0.79
1768	3	-1.1	18.6	11.5	1.51
1768	4	4.9	54.2	35	6.91
1768	5	9.4	40.2	52.6	10.96
1768	6	14.1	91.2	71	15.19
1768	7	15.9	79.8	52	16.81
1768	8	15.1	66.9	46.7	16.09
1768	9	11.2	86.1	27.6	12.58
1768	10	7.6	66.3	17	9.34
1768	11	3.6	74.5	10	5.74
1768	12	2.3	48.7	8.4	4.57
1769	1	0.2	39.1	6.3	2.68
1769	2	-0.8	41.2	12.6	1.78
1769	3	1.8	27.8	22.8	4.12
1769	4	5	40.1	35.3	7
1769	5	9.5	49.9	53	11.05
1769	6	14	80.2	70.6	15.1
1769	7	15.7	52.1	50.6	16.63
1769	8	14.5	69.9	43	15.55
1769	9	12.7	84.7	33.8	13.93
1769	10	5.9	42	13.6	7.81
1769	11	3	56.1	9.2	5.2
1769	12	0.7	41.2	6.7	3.13
1770	1	-1.7	31.8	4.9	0.97
1770	2	0.3	33.1	16.9	2.77
1770	3	-3	40.1	4	-0.2
1770	4	3.7	50.6	30.3	5.83
1770	5	10	46.5	54.9	11.5
1770	6	13.6	78.1	69	14.74
1770	7	16.4	54.7	55.6	17.26
1770	8	16.4	50.3	55.6	17.26
1770	9	14.2	64.4	41.3	15.28
1770	10	9.9	65	23.2	11.41
1770	11	2.5	95.2	8.6	4.75
1770	12	1.1	53	7.1	3.49
1771	1	-3.4	37.2	3.9	-0.56
1771	2	-4.3	25.2	0	-1.37
1771	3	-4.6	29.7	0	-1.64
1771	4	0.8	34.9	18.9	3.22
1771	5	10.6	42.1	57.3	12.04
1771	6	16.5	46.2	80.4	17.35
1771	7	15.8	49.4	51.3	16.72
1771	8	13.5	76.2	37.6	14.65
1771	9	11.8	55.3	30	13.12
1771	10	8.3	72.8	18.7	9.97
1771	11	1.6	41.4	7.6	3.94
1771	12	1.6	48.5	7.6	3.94
1772	1	-3	40.6	4.1	-0.2
1772	2	-3.9	45.9	0.5	-1.01
1772	3	-2.9	43.7	4.4	-0.11
1772	4	2.6	44.6	25.9	4.84
1772	5	7.9	42.7	46.7	9.61
1772	6	14	61	70.6	15.1
1772	7	15.4	54.2	48.6	16.36
1772	8	15.1	59.8	46.7	16.09
1772	9	12.7	88.2	33.8	13.93
1772	10	10	60	23.5	11.5
1772	11	5.8	79.8	13.4	7.72
1772	12	1.8	28.4	7.8	4.12
1773	1	0.2	37.2	6.3	2.68
1773	2	-2.2	38.4	7.1	0.52
1773	3	0.6	21	18.1	3.04
1773	4	5.1	43.1	35.7	7.09
1773	5	11.3	77.8	60	12.67
1773	6	14	55.7	70.6	15.1
1773	7	16.8	43.8	58.6	17.62
1773	8	16.9	63.4	59.4	17.71
1773	9	13.4	88.2	37.1	14.56
1773	10	10.2	63.7	24.2	11.68
1773	11	4	68.2	10.5	6.1
1773	12	1.3	47.9	7.3	3.67
1774	1	-4.8	49.2	3.2	-1.82
1774	2	-1.3	48.3	10.7	1.33
1774	3	1.2	42.7	20.5	3.58
1774	4	5.5	42.9	37.3	7.45
1774	5	10.1	50.6	55.3	11.59
1774	6	15	58.7	74.5	16
1774	7	16.3	68	54.8	17.17
1774	8	15.1	66.6	46.7	16.09
1774	9	11.7	96.4	29.6	13.03
1774	10	7.8	38.3	17.5	9.52
1774	11	-3.5	41	3.8	-0.65
1774	12	-2.9	35.6	4.2	-0.11
1775	1	-2.6	39.8	4.3	0.16
1775	2	0.4	47.2	17.3	2.86
1775	3	2.2	35.7	24.4	4.48
1775	4	4.9	34.5	35	6.91
1775	5	10.1	31.5	55.3	11.59
1775	6	17.1	47.6	82.7	17.89
1775	7	17.8	95.4	67.1	18.52
1775	8	17.9	88.6	68	18.61
1775	9	16	83.4	52.7	16.9
1775	10	9.2	64.6	21.1	10.78
1775	11	0.7	55.6	6.7	3.13
1775	12	1.1	27	7.1	3.49
1776	1	-8.3	31.5	2	-4.97
1776	2	-0.3	52	14.6	2.23
1776	3	1.9	31.1	23.2	4.21
1776	4	5.5	31.8	37.3	7.45
1776	5	9.2	40.3	51.8	10.78
1776	6	16.6	59.8	80.8	17.44
1776	7	18.9	63.2	77.7	19.51
1776	8	17.5	85.8	64.4	18.25
1776	9	13.6	70.3	38.1	14.74
1776	10	9	41.4	20.6	10.6
1776	11	3.9	50.9	10.4	6.01
1776	12	1.1	28.8	7.1	3.49
1777	1	-2.2	27.6	4.6	0.52
1777	2	-1.6	28.9	9.5	1.06
1777	3	4.2	33.6	32.2	6.28
1777	4	4.7	48.7	34.2	6.73
1777	5	10.5	56.2	56.9	11.95
1777	6	13	72.1	66.7	14.2
1777	7	15.2	77.5	47.3	16.18
1777	8	15.9	57.8	52	16.81
1777	9	14.2	40.1	41.3	15.28
1777	10	8.6	75.3	19.5	10.24
1777	11	4.3	43.6	10.9	6.37
1777	12	-1.2	26.7	5.2	1.42
1778	1	-2.2	40	4.6	0.52
1778	2	-0.5	24.6	13.8	2.05
1778	3	1.3	29.6	20.9	3.67
1778	4	6	32	39.3	7.9
1778	5	9.1	48.5	51.4	10.69
1778	6	15.4	59.8	76.1	16.36
1778	7	17.7	83	66.2	18.43
1778	8	17.1	36.5	61	17.89
1778	9	11.2	53.9	27.6	12.58
1778	10	5	68.6	12	7
1778	11	4	67.2	10.5	6.1
1778	12	3.4	50	9.7	5.56
1779	1	-0.8	19.5	5.5	1.78
1779	2	5.6	18.8	37.7	7.54
1779	3	5.6	19.6	37.7	7.54
1779	4	7.5	47.7	45.1	9.25
1779	5	10.8	52.6	58.1	12.22
1779	6	14	60.5	70.6	15.1
1779	7	18.5	91.5	73.7	19.15
1779	8	18.1	50.7	69.8	18.79
1779	9	15.1	70.5	46.7	16.09
1779	10	9.4	61.6	21.7	10.96
1779	11	2.8	51.3	8.9	5.02
1779	12	-0.6	62.1	5.7	1.96
1780	1	-5.8	25	2.8	-2.72
1780	2	-1.9	26.5	8.3	0.79
1780	3	5.6	32.2	37.7	7.54
1780	4	3.5	58.7	29.5	5.65
1780	5	11.9	41.8	62.4	13.21
1780	6	13.7	48.4	69.4	14.83
1780	7	17.1	49.8	61	17.89
1780	8	18.1	38.2	69.8	18.79
1780	9	15.5	78.9	49.2	16.45
1780	10	7.2	63.1	16.2	8.98
1780	11	1.1	46	7.1	3.49
1780	12	-0.5	18.1	5.7	2.05
1781	1	-1.9	34.6	4.8	0.79
1781	2	1.6	42.6	22	3.94
1781	3	3.9	16.3	31	6.01
1781	4	7.4	43.6	44.7	9.16
1781	5	11.1	38	59.2	12.49
1781	6	16.3	58.2	79.6	17.17
1781	7	17.8	49.3	67.1	18.52
1781	8	17.7	60.2	66.2	18.43
1781	9	13.7	64.8	38.7	14.83
1781	10	9.1	26.9	20.8	10.69
1781	11	3.8	66.9	10.2	5.92
1781	12	2.4	38.5	8.5	4.66
1782	1	0.8	47.2	6.8	3.22
1782	2	-2.4	23.3	6.4	0.34
1782	3	-1.2	41.4	11.1	1.42
1782	4	3.8	73.2	30.6	5.92
1782	5	9.5	74.4	53	11.05
1782	6	14.7	51.4	73.3	15.73
1782	7	16.2	83.9	54.1	17.08
1782	8	15.8	92.1	51.3	16.72
1782	9	14	82.4	40.3	15.1
1782	10	6.8	49.1	15.3	8.62
1782	11	1.2	39.6	7.2	3.58
1782	12	0.3	27.3	6.4	2.77
1783	1	-1.1	45.9	5.3	1.51
1783	2	1.3	46.5	20.9	3.67
1783	3	-0.5	32.7	13.8	2.05
1783	4	7	29.2	43.2	8.8
1783	5	12.6	53.7	65.1	13.84
1783	6	17.5	66.9	84.3	18.25
1783	7	19.7	52.4	86.5	20.23
1783	8	17.7	60.5	66.2	18.43
1783	9	14.7	81.3	44.2	15.73
1783	10	10.3	41.6	24.5	11.77
1783	11	2.9	45.7	9.1	5.11
1783	12	-0.9	22.3	5.4	1.69
1784	1	-4.4	35.6	3.4	-1.46
1784	2	-2.4	29	6.4	0.34
1784	3	-2.9	36.8	4.4	-0.11
1784	4	2.8	52.8	26.7	5.02
1784	5	10.4	45	56.5	11.86
1784	6	14.7	79	73.3	15.73
1784	7	15.7	69.9	50.6	16.63
1784	8	15.6	59.7	49.9	16.54
1784	9	12.9	45.4	34.7	14.11
1784	10	7.2	29.3	16.2	8.98
1784	11	4.3	55.9	10.9	6.37
1784	12	-0.8	31.8	5.5	1.78
1785	1	-1.4	31	5.1	1.24
1785	2	-4.4	26	0	-1.46
1785	3	-3.6	20.6	1.7	-0.74
1785	4	3.3	27.4	28.7	5.47
1785	5	8.4	33	48.7	10.06
1785	6	15.6	47.2	76.9	16.54
1785	7	15.6	54.3	49.9	16.54
1785	8	15.2	78.8	47.3	16.18
1785	9	12.8	72.6	34.3	14.02
1785	10	8	59.1	18	9.7
1785	11	4.8	47.7	11.7	6.82
1785	12	0	41.1	6.1	2.5
1786	1	-1.8	53.6	4.8	0.88
1786	2	-1.7	25	9.1	0.97
1786	3	-3.3	26.5	2.8	-0.47
1786	4	5.5	36.1	37.3	7.45
1786	5	9	49.7	51	10.6
1786	6	16.5	53.7	80.4	17.35
1786	7	15.1	43.2	46.7	16.09
1786	8	15.3	65	47.9	16.27
1786	9	11.8	74.3	30	13.12
1786	10	6.6	62.5	14.9	8.44
1786	11	-0.6	57.7	5.7	1.96
1786	12	0.2	46.5	6.3	2.68
1787	1	-1	21	5.4	1.6
1787	2	1	35.9	19.7	3.4
1787	3	2.9	45.4	27.1	5.11
1787	4	4.4	36.6	33	6.46
1787	5	10.3	41.6	56.1	11.77
1787	6	14.6	49.2	72.9	15.64
1787	7	16.1	93.9	53.4	16.99
1787	8	15.4	54.5	48.6	16.36
1787	9	13.4	54.1	37.1	14.56
1787	10	10.2	71.2	24.2	11.68
1787	11	2.4	52.8	8.5	4.66
1787	12	0.6	50.5	6.7	3.04
1788	1	0.4	29.6	6.5	2.86
1788	2	-2.9	37.9	4.4	-0.11
1788	3	-1.4	27.4	10.3	1.24
1788	4	5.8	34.4	38.5	7.72
1788	5	11.4	39.3	60.4	12.76
1788	6	16.2	53.1	79.2	17.08
1788	7	18.8	62.6	76.7	19.42
1788	8	15.9	65.5	52	16.81
1788	9	14.8	64	44.8	15.82
1788	10	7.7	35.8	17.3	9.43
1788	11	2.6	32.7	8.7	4.84
1788	12	-8.2	17.3	2	-4.88
1789	1	-2.7	49.3	4.3	0.07
1789	2	1.8	44.9	22.8	4.12
1789	3	-1.9	32.9	8.3	0.79
1789	4	5	42	35.3	7
1789	5	11.5	56.9	60.8	12.85
1789	6	13.4	82.4	68.2	14.56
1789	7	15.4	82.4	48.6	16.36
1789	8	16.9	44.7	59.4	17.71
1789	9	12.3	69.4	32	13.57
1789	10	6.5	70.3	14.7	8.35
1789	11	1.3	52.3	7.3	3.67
1789	12	3.4	49.9	9.7	5.56
1790	1	1	38.5	7	3.4
1790	2	3.9	21.3	31	6.01
1790	3	3.6	19.9	29.9	5.74
1790	4	3.4	43.1	29.1	5.56
1790	5	10.8	57.1	58.1	12.22
1790	6	14.2	53.8	71.4	15.28
1790	7	14.7	68.1	44.2	15.73
1790	8	15.5	61	49.2	16.45
1790	9	11.2	53.4	27.6	12.58
1790	10	8.7	44	19.8	10.33
1790	11	3.4	67.2	9.7	5.56
1790	12	1	55.9	7	3.4
1791	1	1	55.2	7	3.4
1791	2	1.4	37.8	21.2	3.76
1791	3	3.8	24.5	30.6	5.92
1791	4	7.8	48.1	46.3	9.52
1791	5	9.1	37.2	51.4	10.69
1791	6	14.4	43.2	72.2	15.46
1791	7	15.2	70.7	47.3	16.18
1791	8	15.9	61.9	52	16.81
1791	9	13.3	44.3	36.6	14.47
1791	10	6.9	61.1	15.5	8.71
1791	11	3.1	77.1	9.3	5.29
1791	12	-3.1	43.3	4	-0.29
1792	1	-1.6	39.3	5	1.06
1792	2	1.3	29	20.9	3.67
1792	3	3.1	42.6	27.9	5.29
1792	4	8.3	58.6	48.3	9.97
1792	5	8.6	54.6	49.4	10.24
1792	6	12.5	63.8	64.7	13.75
1792	7	15.2	76.4	47.3	16.18
1792	8	17.3	77.5	62.7	18.07
1792	9	10.7	92.4	25.8	12.13
1792	10	6.8	58.8	15.3	8.62
1792	11	4.6	40.7	11.4	6.64
1792	12	1	52.5	7	3.4
1793	1	-0.9	36.4	5.4	1.69
1793	2	1.3	33.8	20.9	3.67
1793	3	0.9	39	19.3	3.31
1793	4	3.4	46	29.1	5.56
1793	5	9.4	34.2	52.6	10.96
1793	6	12.9	44.2	66.3	14.11
1793	7	18.1	42.8	69.8	18.79
1793	8	14.8	70.3	44.8	15.82
1793	9	10.5	69.6	25.2	11.95
1793	10	10	42.6	23.5	11.5
1793	11	3.2	53.7	9.4	5.38
1793	12	2.2	40	8.3	4.48
1794	1	-2.3	25.6	4.5	0.43
1794	2	4.7	36.2	34.2	6.73
1794	3	4.5	34.2	33.4	6.55
1794	4	8.6	48.9	49.4	10.24
1794	5	10	42.3	54.9	11.5
1794	6	15.6	35.8	76.9	16.54
1794	7	18.8	57.7	76.7	19.42
1794	8	15.4	62.2	48.6	16.36
1794	9	11.5	79	28.8	12.85
1794	10	7.8	69.4	17.5	9.52
1794	11	3.4	69.8	9.7	5.56
1794	12	0.2	35.9	6.3	2.68
1795	1	-8.6	23.4	1.9	-5.24
1795	2	-3.5	39.3	2.1	-0.65
1795	3	0.5	40.9	17.7	2.95
1795	4	5.3	48	36.5	7.27
1795	5	9.4	29.3	52.6	10.96
1795	6	12.5	71.2	64.7	13.75
1795	7	15.1	50.7	46.7	16.09
1795	8	16.9	62.8	59.4	17.71
1795	9	16	33.3	52.7	16.9
1795	10	10.5	85.4	25.2	11.95
1795	11	1.3	61.7	7.3	3.67
1795	12	3.9	41.3	10.4	6.01
1796	1	4.9	52.8	11.9	6.91
1796	2	1.4	37.9	21.2	3.76
1796	3	0.9	20.2	19.3	3.31
1796	4	8.6	33.5	49.4	10.24
1796	5	8.7	63.1	49.8	10.33
1796	6	13.4	52.1	68.2	14.56
1796	7	14.4	85.5	42.5	15.46
1796	8	15.9	44.9	52	16.81
1796	9	14.2	54.3	41.3	15.28
1796	10	5.8	53.7	13.4	7.72
1796	11	1.3	48.3	7.3	3.67
1796	12	-4.9	38.6	3.2	-1.91
1797	1	-0.1	37.5	6.1	2.41
1797	2	1.3	19.5	20.9	3.67
1797	3	1	27.8	19.7	3.4
1797	4	5	48.2	35.3	7
1797	5	10	62.7	54.9	11.5
1797	6	13	85.3	66.7	14.2
1797	7	17.7	61.7	66.2	18.43
1797	8	15.8	76.8	51.3	16.72
1797	9	11.5	106.8	28.8	12.85
1797	10	6	48.1	13.7	7.9
1797	11	1.4	53.9	7.4	3.76
1797	12	1.6	53.7	7.6	3.94
1798	1	-0.7	38.4	5.6	1.87
1798	2	1	29.2	19.7	3.4
1798	3	1.7	25.2	22.4	4.03
1798	4	7.6	43.8	45.5	9.34
1798	5	13.5	40.7	68.6	14.65
1798	6	17	41	82.3	17.8
1798	7	18.4	91.5	72.7	19.06
1798	8	18.1	61.4	69.8	18.79
1798	9	14	68.6	40.3	15.1
1798	10	9.2	65	21.1	10.78
1798	11	3	57.5	9.2	5.2
1798	12	-2.5	30.8	4.4	0.25
1799	1	-2.9	35.8	4.2	-0.11
1799	2	-7.1	45.7	0	-3.89
1799	3	-2.3	27.8	6.8	0.43
1799	4	2.6	52.5	25.9	4.84
1799	5	7.7	44.4	45.9	9.43
1799	6	14.1	38	71	15.19
1799	7	15.8	74	51.3	16.72
1799	8	15.3	109.7	47.9	16.27
1799	9	12.9	107.4	34.7	14.11
1799	10	8.7	63.6	19.8	10.33
1799	11	4.9	58.8	11.9	6.91
1799	12	-2.9	20.7	4.2	-0.11
1800	1	-3.2	53.3	4	-0.38
1800	2	-3.1	21.1	3.6	-0.29
1800	3	-4.2	31.2	0	-1.28
1800	4	7.7	60.5	45.9	9.43
1800	5	12.3	50.6	63.9	13.57
1800	6	12.6	39.2	65.1	13.84
1800	7	14.9	31.8	45.4	15.91
1800	8	16.4	51.6	55.6	17.26
1800	9	12.9	75.7	34.7	14.11
1800	10	9.5	57.1	22	11.05
1800	11	5	75.7	12	7
1800	12	1.6	44.5	7.6	3.94
1801	1	-0.5	38.9	5.7	2.05
1801	2	-0.9	41.8	12.2	1.69
1801	3	3.4	42.4	29.1	5.56
1801	4	6.3	31.5	40.4	8.17
1801	5	13.7	54.9	69.4	14.83
1801	6	14.6	40.7	72.9	15.64
1801	7	17.6	79.8	65.3	18.34
1801	8	16.6	45.2	57.1	17.44
1801	9	13.5	76.4	37.6	14.65
1801	10	10.6	54.9	25.5	12.04
1801	11	5.3	61.7	12.5	7.27
1801	12	0.7	46.5	6.7	3.13
1802	1	-2.8	26.6	4.2	-0.02
1802	2	-0.4	42.4	14.2	2.14
1802	3	2.4	20.6	25.2	4.66
1802	4	5.5	35.8	37.3	7.45
1802	5	8.1	41.3	47.5	9.79
1802	6	12.2	60.5	63.5	13.48
1802	7	12.2	81.7	31.6	13.48
1802	8	15.5	48.6	49.2	16.45
1802	9	11.7	42.8	29.6	13.03
1802	10	9.2	62.2	21.1	10.78
1802	11	3.4	45.2	9.7	5.56
1802	12	0.6	40.3	6.7	3.04
1803	1	-5.7	35	2.9	-2.63
1803	2	-3.7	32.6	1.3	-0.83
1803	3	-0.5	24.3	13.8	2.05
1803	4	6.8	40.7	42.4	8.62
1803	5	8.2	45.1	47.9	9.88
1803	6	12.3	67.1	63.9	13.57
1803	7	15.7	40.8	50.6	16.63
1803	8	15.7	46.7	50.6	16.63
1803	9	10.6	45.6	25.5	12.04
1803	10	7	34.2	15.7	8.8
1803	11	2.6	64	8.7	4.84
1803	12	-1.7	62.6	4.9	0.97
1804	1	0.4	57	6.5	2.86
1804	2	-3.5	27.1	2.1	-0.65
1804	3	-2.1	42	7.5	0.61
1804	4	3.8	48.6	30.6	5.92
1804	5	10.6	46.2	57.3	12.04
1804	6	14.1	40.1	71	15.19
1804	7	15.8	70.4	51.3	16.72
1804	8	16	62.4	52.7	16.9
1804	9	14.3	32.9	41.9	15.37
1804	10	9.1	65	20.8	10.69
1804	11	0.8	65	6.8	3.22
1804	12	-3.3	29.8	3.9	-0.47
1805	1	-4.1	40.6	3.5	-1.19
1805	2	-4.1	33.8	0	-1.19
1805	3	0.4	26.7	17.3	2.86
1805	4	3.4	47.9	29.1	5.56
1805	5	7.7	43.6	45.9	9.43
1805	6	10.5	56.6	56.9	11.95
1805	7	14.5	58.2	43	15.55
1805	8	14.7	63.4	44.2	15.73
1805	9	13.6	55.3	38.1	14.74
1805	10	5.1	42	12.2	7.09
1805	11	2.3	32	8.4	4.57
1805	12	1.1	39.4	7.1	3.49
1806	1	0.3	56.9	6.4	2.77
1806	2	0.4	32.5	17.3	2.86
1806	3	-0.1	31.6	15.4	2.41
1806	4	2.8	33.3	26.7	5.02
1806	5	10.3	39.5	56.1	11.77
1806	6	11.9	43.4	62.4	13.21
1806	7	13.9	73.2	39.7	15.01
1806	8	15.8	64.9	51.3	16.72
1806	9	14.1	52.9	40.8	15.19
1806	10	8.6	38.7	19.5	10.24
1806	11	4.5	65.7	11.2	6.55
1806	12	3.3	59.8	9.6	5.47
1807	1	0.3	28.1	6.4	2.77
1807	2	0.1	30.4	16.2	2.59
1807	3	-0.7	21.1	13	1.87
1807	4	4	31.9	31.4	6.1
1807	5	9.8	64.3	54.1	11.32
1807	6	12.7	47.4	65.5	13.93
1807	7	15.9	56.6	52	16.81
1807	8	19	52.4	78.8	19.6
1807	9	11	65.2	26.9	12.4
1807	10	8.1	48	18.2	9.79
1807	11	3.1	64.9	9.3	5.29
1807	12	1.1	33.1	7.1	3.49
1808	1	-0.6	26.3	5.7	1.96
1808	2	-2.5	25.9	6	0.25
1808	3	-1.6	18.5	9.5	1.06
1808	4	3	57	27.5	5.2
1808	5	10.4	48.5	56.5	11.86
1808	6	14.7	50.4	73.3	15.73
1808	7	17.6	70.5	65.3	18.34
1808	8	17.4	60.2	63.5	18.16
1808	9	14.2	66.4	41.3	15.28
1808	10	8	64.7	18	9.7
1808	11	1.9	50.9	7.9	4.21
1808	12	-2.6	31.6	4.3	0.16
1809	1	-5	58.8	3.1	-2
1809	2	-1.4	43.6	10.3	1.24
1809	3	-0.5	24.1	13.8	2.05
1809	4	1.6	56.5	22	3.94
1809	5	10.9	44.4	58.5	12.31
1809	6	13.5	52.8	68.6	14.65
1809	7	15	61.2	46	16
1809	8	16.6	83.5	57.1	17.44
1809	9	13.2	76.4	36.2	14.38
1809	10	7.6	27.7	17	9.34
1809	11	2.6	43.4	8.7	4.84
1809	12	2.3	44.9	8.4	4.57
1810	1	-1.3	23.6	5.2	1.33
1810	2	-1.9	32	8.3	0.79
1810	3	0.1	40	16.2	2.59
1810	4	3	44.7	27.5	5.2
1810	5	7	48.1	43.2	8.8
1810	6	13.4	45.7	68.2	14.56
1810	7	16.1	77.9	53.4	16.99
1810	8	15.5	68.2	49.2	16.45
1810	9	13.4	47.2	37.1	14.56
1810	10	7.2	52.1	16.2	8.98
1810	11	2.7	85.8	8.8	4.93
1810	12	0.4	58.9	6.5	2.86
1811	1	-2.6	32.5	4.3	0.16
1811	2	-1.4	42.3	10.3	1.24
1811	3	3	32	27.5	5.2
1811	4	3.8	44.4	30.6	5.92
1811	5	12.3	67.2	63.9	13.57
1811	6	16	56	78.4	16.9
1811	7	17.4	68.1	63.5	18.16
1811	8	15.5	56	49.2	16.45
1811	9	12.4	59.7	32.5	13.66
1811	10	9.6	63.5	22.3	11.14
1811	11	4.3	57.3	10.9	6.37
1811	12	1.6	37.7	7.6	3.94
1812	1	-1.5	30.6	5	1.15
1812	2	-0.2	52.5	15	2.32
1812	3	-1.5	51	9.9	1.15
1812	4	1.5	39.1	21.6	3.85
1812	5	8.2	55	47.9	9.88
1812	6	13.4	68.5	68.2	14.56
1812	7	13.3	60	36.6	14.47
1812	8	15.1	51.1	46.7	16.09
1812	9	10.8	47.4	26.2	12.22
1812	10	9.8	72.3	22.9	11.32
1812	11	1.6	54.2	7.6	3.94
1812	12	-4	22.5	3.6	-1.1
1813	1	-1.7	26.8	4.9	0.97
1813	2	1.5	48.7	21.6	3.85
1813	3	1.8	24.1	22.8	4.12
1813	4	5.3	42.9	36.5	7.27
1813	5	8.9	62.9	50.6	10.51
1813	6	13.4	50.7	68.2	14.56
1813	7	16.6	64.9	57.1	17.44
1813	8	14.8	42.6	44.8	15.82
1813	9	12	55.4	30.8	13.3
1813	10	5.7	79.8	13.2	7.63
1813	11	3.1	47.5	9.3	5.29
1813	12	1.4	24.3	7.4	3.76
1814	1	-6.4	35.2	2.6	-3.26
1814	2	-6.5	21.6	0	-3.35
1814	3	-2.5	28.9	6	0.25
1814	4	5	55.3	35.3	7
1814	5	6.7	39	42	8.53
1814	6	12.3	58	63.9	13.57
1814	7	16.3	63.2	54.8	17.17
1814	8	14.7	59.2	44.2	15.73
1814	9	11.5	45.7	28.8	12.85
1814	10	7.4	58.9	16.6	9.16
1814	11	4.4	51.5	11.1	6.46
1814	12	1.2	54.8	7.2	3.58
1815	1	-2.8	23.6	4.2	-0.02
1815	2	0.1	28.9	16.2	2.59
1815	3	2.3	44.1	24.8	4.57
1815	4	5	39.9	35.3	7
1815	5	10	50.8	54.9	11.5
1815	6	13.2	58.3	67.5	14.38
1815	7	13.7	49.2	38.7	14.83
1815	8	14.8	62.8	44.8	15.82
1815	9	11.4	60.8	28.4	12.76
1815	10	8.7	57.2	19.8	10.33
1815	11	3.1	42	9.3	5.29
1815	12	-0.6	44.3	5.7	1.96
1816	1	-1	41.3	5.4	1.6
1816	2	-3.6	29	1.7	-0.74
1816	3	-0.1	33	15.4	2.41
1816	4	4	50.7	31.4	6.1
1816	5	7	50.2	43.2	8.8
1816	6	12.3	61	63.9	13.57
1816	7	15.5	92.6	49.2	16.45
1816	8	13.6	62.7	38.1	14.74
1816	9	11.7	61.5	29.6	13.03
1816	10	7.3	61.6	16.4	9.07
1816	11	1.8	50.7	7.8	4.12
1816	12	0	48.3	6.1	2.5
1817	1	1.4	39.6	7.4	3.76
1817	2	2	34.1	23.6	4.3
1817	3	1.4	31.8	21.2	3.76
1817	4	3.3	26.6	28.7	5.47
1817	5	9.8	59.8	54.1	11.32
1817	6	13.4	67.1	68.2	14.56
1817	7	14.3	78.9	41.9	15.37
1817	8	14.3	84.9	41.9	15.37
1817	9	13.5	39.2	37.6	14.65
1817	10	5.4	35.9	12.7	7.36
1817	11	4.6	49.2	11.4	6.64
1817	12	-1.8	50	4.8	0.88
1818	1	0	46.8	6.1	2.5
1818	2	0	36.2	15.8	2.5
1818	3	2.2	59	24.4	4.48
1818	4	2.6	72	25.9	4.84
1818	5	9.3	43.7	52.2	10.87
1818	6	14.8	41.2	73.7	15.82
1818	7	16.7	49.3	57.8	17.53
1818	8	14.7	36.8	44.2	15.73
1818	9	13	77.1	35.2	14.2
1818	10	8.8	50.7	20	10.42
1818	11	4.5	63.6	11.2	6.55
1818	12	0.2	29.9	6.3	2.68
1819	1	1.8	47.8	7.8	4.12
1819	2	0.7	45.8	18.5	3.13
1819	3	2.2	26.6	24.4	4.48
1819	4	5.7	46.8	38.1	7.63
1819	5	10.8	53.9	58.1	12.22
1819	6	15.7	60.6	77.3	16.63
1819	7	17	56.9	60.2	17.8
1819	8	19	47	78.8	19.6
1819	9	13.9	62.6	39.7	15.01
1819	10	6.7	53.1	15.1	8.53
1819	11	1.4	49.4	7.4	3.76
1819	12	-1.7	45.5	4.9	0.97
1820	1	-4.4	36.5	3.4	-1.46
1820	2	-1.4	30.2	10.3	1.24
1820	3	-0.1	22.4	15.4	2.41
1820	4	5.7	40.7	38.1	7.63
1820	5	9.6	58.8	53.4	11.14
1820	6	12.3	52.4	63.9	13.57
1820	7	14.7	56.7	44.2	15.73
1820	8	14.7	61.3	44.2	15.73
1820	9	11.3	56.6	28	12.67
1820	10	7	58.6	15.7	8.8
1820	11	2.1	42.5	8.1	4.39
1820	12	-1.6	37.4	5	1.06
1821	1	-2	57.7	4.7	0.7
1821	2	-2	18	7.9	0.7
1821	3	-0.4	29.4	14.2	2.14
1821	4	6.5	31.4	41.2	8.35
1821	5	8.8	64.4	50.2	10.42
1821	6	11.6	17.3	61.2	12.94
1821	7	12.9	28.7	34.7	14.11
1821	8	14	35.4	40.3	15.1
1821	9	13	57	35.2	14.2
1821	10	9.7	42.8	22.6	11.23
1821	11	4.7	69.1	11.5	6.73
1821	12	2.7	59.7	8.8	4.93
1822	1	0.7	44.2	6.7	3.13
1822	2	2.5	26	25.6	4.75
1822	3	3.6	57	29.9	5.74
1822	4	6.6	24.7	41.6	8.44
1822	5	11.1	16.6	59.2	12.49
1822	6	14.7	15.9	73.3	15.73
1822	7	15.4	107.4	48.6	16.36
1822	8	14.8	92.6	44.8	15.82
1822	9	11.4	42.2	28.4	12.76
1822	10	9.6	33.4	22.3	11.14
1822	11	5.8	36.8	13.4	7.72
1822	12	0.4	22.7	6.5	2.86
1823	1	-4.4	40.8	3.4	-1.46
1823	2	-2.9	71.8	4.4	-0.11
1823	3	0.2	36.8	16.5	2.68
1823	4	3.8	44.2	30.6	5.92
1823	5	9.9	38.8	54.5	11.41
1823	6	13.9	65.7	70.2	15.01
1823	7	14	59	40.3	15.1
1823	8	15.5	44.9	49.2	16.45
1823	9	11.9	48.2	30.4	13.21
1823	10	8.9	36.1	20.3	10.51
1823	11	5	44.9	12	7
1823	12	1.9	61	7.9	4.21
1824	1	2	32.1	8	4.3
1824	2	0.7	32.1	18.5	3.13
1824	3	0.7	43.5	18.5	3.13
1824	4	5.3	32.8	36.5	7.27
1824	5	9.5	41.5	53	11.05
1824	6	14.7	40.2	73.3	15.73
1824	7	14.4	37.5	42.5	15.46
1824	8	14.5	65.7	43	15.55
1824	9	14	50.3	40.3	15.1
1824	10	7.8	52.3	17.5	9.52
1824	11	4.1	115.5	10.7	6.19
1824	12	2.5	94.7	8.6	4.75
1825	1	1.6	41.5	7.6	3.94
1825	2	-0.4	44.9	14.2	2.14
1825	3	0.5	30.1	17.7	2.95
1825	4	5.5	81.9	37.3	7.45
1825	5	9.7	42.2	53.8	11.23
1825	6	13.6	61.7	69	14.74
1825	7	15.8	32.8	51.3	16.72
1825	8	14.8	81.2	44.8	15.82
1825	9	12.4	70.4	32.5	13.66
1825	10	8.1	48.9	18.2	9.79
1825	11	3.3	102.7	9.6	5.47
1825	12	2.3	41.5	8.4	4.57
1826	1	-3.8	21.3	3.7	-0.92
1826	2	0.3	62.4	16.9	2.77
1826	3	1.6	42.2	22	3.94
1826	4	5.8	44.2	38.5	7.72
1826	5	11.3	19.3	60	12.67
1826	6	16.2	29.4	79.2	17.08
1826	7	19.1	42.2	79.8	19.69
1826	8	18.1	31.4	69.8	18.79
1826	9	12.4	37.5	32.5	13.66
1826	10	8.6	46.2	19.5	10.24
1826	11	3.1	50.9	9.3	5.29
1826	12	2.2	48.9	8.3	4.48
1827	1	-2.4	79.9	4.4	0.34
1827	2	-5.1	18	0	-2.09
1827	3	0.6	77.2	18.1	3.04
1827	4	6.8	44.9	42.4	8.62
1827	5	11.1	51.6	59.2	12.49
1827	6	15.9	40.8	78	16.81
1827	7	15.2	55	47.3	16.18
1827	8	14.6	46.9	43.6	15.64
1827	9	13.7	41.5	38.7	14.83
1827	10	8.6	50.3	19.5	10.24
1827	11	1.5	41.5	7.5	3.85
1827	12	2.7	61.7	8.8	4.93
1828	1	-2.4	33.4	4.4	0.34
1828	2	-1.8	36.1	8.7	0.88
1828	3	1	57.7	19.7	3.4
1828	4	4.9	50.9	35	6.91
1828	5	10.9	30.7	58.5	12.31
1828	6	15.2	50.9	75.3	16.18
1828	7	16.8	112.2	58.6	17.62
1828	8	15.2	73.8	47.3	16.18
1828	9	12.4	61.7	32.5	13.66
1828	10	7.7	40.2	17.3	9.43
1828	11	3.6	40.2	10	5.74
1828	12	0.5	53.6	6.6	2.95
1829	1	-3.6	29.4	3.8	-0.74
1829	2	-6.2	75.1	0	-3.08
1829	3	-1.7	28.7	9.1	0.97
1829	4	2.6	32.8	25.9	4.84
1829	5	10.5	37.5	56.9	11.95
1829	6	15.5	43.5	76.5	16.45
1829	7	14.9	99.4	45.4	15.91
1829	8	14	69.1	40.3	15.1
1829	9	11.4	55.6	28.4	12.76
1829	10	5.5	86.6	12.9	7.45
1829	11	-0.5	70.4	5.7	2.05
1829	12	-4.5	19.3	3.4	-1.55
1830	1	-5.2	38.1	3.1	-2.18
1830	2	-5.7	61.7	0	-2.63
1830	3	1	40.2	19.7	3.4
1830	4	5.4	83.9	36.9	7.36
1830	5	9.3	55	52.2	10.87
1830	6	12.6	86.6	65.1	13.84
1830	7	15.6	52.3	49.9	16.54
1830	8	14.3	81.9	41.9	15.37
1830	9	11	63	26.9	12.4
1830	10	8	33.4	18	9.7
1830	11	4.8	20.6	11.7	6.82
1830	12	-0.4	32.8	5.8	2.14
1831	1	-4.4	44.9	3.4	-1.46
1831	2	-1.3	55.6	10.7	1.33
1831	3	-0.5	47.6	13.8	2.05
1831	4	6.2	27.4	40	8.08
1831	5	9.8	41.5	54.1	11.32
1831	6	14.7	102.1	73.3	15.73
1831	7	18.1	26.7	69.8	18.79
1831	8	16.9	49.6	59.4	17.71
1831	9	11.4	32.8	28.4	12.76
1831	10	11.1	37.5	27.3	12.49
1831	11	1.9	55.6	7.9	4.21
1831	12	2.2	28.7	8.3	4.48
1832	1	-0.5	26.7	5.7	2.05
1832	2	-0.1	15.3	15.4	2.41
1832	3	1.4	38.8	21.2	3.76
1832	4	6.2	15.9	40	8.08
1832	5	9.1	41.5	51.4	10.69
1832	6	15.1	46.2	74.9	16.09
1832	7	14	62.4	40.3	15.1
1832	8	14.9	63.7	45.4	15.91
1832	9	11	48.2	26.9	12.4
1832	10	8.2	33.4	18.5	9.88
1832	11	2.2	38.1	8.3	4.48
1832	12	0.6	37.5	6.7	3.04
1833	1	-2.3	27.4	4.5	0.43
1833	2	-0.2	53.6	15	2.32
1833	3	-0.9	59.7	12.2	1.69
1833	4	3.3	34.1	28.7	5.47
1833	5	11.8	27.4	62	13.12
1833	6	14.3	55.6	71.8	15.37
1833	7	15.8	34.8	51.3	16.72
1833	8	12.3	73.1	32	13.57
1833	9	12.3	43.5	32	13.57
1833	10	8.3	63.7	18.7	9.97
1833	11	3.6	48.2	10	5.74
1833	12	1.3	151.8	7.3	3.67
1834	1	0.4	67.7	6.5	2.86
1834	2	0.1	34.1	16.2	2.59
1834	3	2.2	41.5	24.4	4.48
1834	4	5.3	24	36.5	7.27
1834	5	11.7	40.8	61.6	13.03
1834	6	14.3	34.1	71.8	15.37
1834	7	18.8	16.6	76.7	19.42
1834	8	18.7	43.5	75.7	19.33
1834	9	12.2	60.3	31.6	13.48
1834	10	7.5	47.6	16.8	9.25
1834	11	3	67.1	9.2	5.2
1834	12	0.5	36.1	6.6	2.95
1835	1	-0.1	30.1	6.1	2.41
1835	2	0.6	52.3	18.1	3.04
1835	3	1.4	30.7	21.2	3.76
1835	4	4.3	51.6	32.6	6.37
1835	5	8.3	69.8	48.3	9.97
1835	6	14.7	24.7	73.3	15.73
1835	7	16.3	15.9	54.8	17.17
1835	8	14.3	41.5	41.9	15.37
1835	9	12.4	52.3	32.5	13.66
1835	10	6.7	44.9	15.1	8.53
1835	11	0.9	43.5	6.9	3.31
1835	12	-1.3	34.1	5.2	1.33
1836	1	-2	83.9	4.7	0.7
1836	2	-1.3	50.3	10.7	1.33
1836	3	2.8	59.7	26.7	5.02
1836	4	4.6	35.4	33.8	6.64
1836	5	8.9	24.7	50.6	10.51
1836	6	13.7	32.8	69.4	14.83
1836	7	14	75.8	40.3	15.1
1836	8	12.6	34.8	33.4	13.84
1836	9	10.1	61.7	23.8	11.59
1836	10	7.2	36.1	16.2	8.98
1836	11	1.1	56.3	7.1	3.49
1836	12	0	61.7	6.1	2.5
1837	1	-2.1	24.7	4.6	0.61
1837	2	-1.4	48.2	10.3	1.24
1837	3	-1.8	36.8	8.7	0.88
1837	4	2.8	38.8	26.7	5.02
1837	5	8	40.2	47.1	9.7
1837	6	13.3	33.4	67.9	14.47
1837	7	14.7	28	44.2	15.73
1837	8	15.7	52.9	50.6	16.63
1837	9	11	50.9	26.9	12.4
1837	10	7.6	40.2	17	9.34
1837	11	1.7	48.9	7.7	4.03
1837	12	-1.1	35.4	5.3	1.51
1838	1	-5.7	22.7	2.9	-2.63
1838	2	-8.3	24.7	0	-4.97
1838	3	-1.1	54.3	11.5	1.51
1838	4	1.4	77.2	21.2	3.76
1838	5	7.9	28	46.7	9.61
1838	6	12.5	34.8	64.7	13.75
1838	7	15	44.2	46	16
1838	8	12.5	104.1	32.9	13.75
1838	9	11.5	36.8	28.8	12.85
1838	10	5.5	50.3	12.9	7.45
1838	11	0.3	31.4	6.4	2.77
1838	12	-0.6	25.4	5.7	1.96
1839	1	-2.6	46.9	4.3	0.16
1839	2	-2.7	29.4	5.2	0.07
1839	3	-3.1	23.3	3.6	-0.29
1839	4	1	43.5	19.7	3.4
1839	5	9.6	43.5	53.4	11.14
1839	6	13.5	52.3	68.6	14.65
1839	7	15.2	51.6	47.3	16.18
1839	8	13.3	38.8	36.6	14.47
1839	9	11.8	63.7	30	13.12
1839	10	7.8	21.3	17.5	9.52
1839	11	2.5	43.5	8.6	4.75
1839	12	-2.8	32.8	4.2	-0.02
1840	1	-3.4	64.4	3.9	-0.56
1840	2	-2.7	34.1	5.2	0.07
1840	3	-1.5	18	9.9	1.15
1840	4	4.4	18	33	6.46
1840	5	6.2	55	40	8.08
1840	6	10.8	35.4	58.1	12.22
1840	7	11.3	57	28	12.67
1840	8	12.6	59	33.4	13.84
1840	9	10	54.3	23.5	11.5
1840	10	3.2	53.6	9.4	5.38
1840	11	2	50.9	8	4.3
1840	12	-3.6	23.3	3.8	-0.74
1841	1	-3.9	62.4	3.6	-1.01
1841	2	-5.3	22	0	-2.27
1841	3	0.6	31.4	18.1	3.04
1841	4	5	34.1	35.3	7
1841	5	12	34.8	62.8	13.3
1841	6	11.7	81.2	61.6	13.03
1841	7	11.7	79.2	29.6	13.03
1841	8	13.7	46.9	38.7	14.83
1841	9	11.2	65.7	27.6	12.58
1841	10	7.2	129.6	16.2	8.98
1841	11	2.2	56.3	8.3	4.48
1841	12	2.6	48.9	8.7	4.84
1842	1	-2.6	26	4.3	0.16
1842	2	-0.4	14.6	14.2	2.14
1842	3	2.1	59	24	4.39
1842	4	5	14.6	35.3	7
1842	5	11.2	30.7	59.6	12.58
1842	6	13.4	77.8	68.2	14.56
1842	7	13.9	38.8	39.7	15.01
1842	8	17.9	16.6	68	18.61
1842	9	12.6	53.6	33.4	13.84
1842	10	6.5	32.1	14.7	8.35
1842	11	0.8	46.9	6.8	3.22
1842	12	2.9	32.8	9.1	5.11
1843	1	-0.2	98.7	6	2.32
1843	2	-1.2	55.6	11.1	1.42
1843	3	-1.1	26.7	11.5	1.51
1843	4	4.8	52.3	34.6	6.82
1843	5	8	24	47.1	9.7
1843	6	13.1	84.6	67.1	14.29
1843	7	14.3	61	41.9	15.37
1843	8	16.1	46.2	53.4	16.99
1843	9	11.7	32.1	29.6	13.03
1843	10	6.2	81.9	14.1	8.08
1843	11	3.6	50.9	10	5.74
1843	12	3.2	26	9.4	5.38
1844	1	-2.4	96	4.4	0.34
1844	2	-4.9	55.6	0	-1.91
1844	3	-2.3	44.2	6.8	0.43
1844	4	5.1	24.7	35.7	7.09
1844	5	11.1	28.7	59.2	12.49
1844	6	12.2	37.5	63.5	13.48
1844	7	12.5	50.9	32.9	13.75
1844	8	13.5	97.3	37.6	14.65
1844	9	11.4	32.8	28.4	12.76
1844	10	7.4	75.1	16.6	9.16
1844	11	3.3	52.9	9.6	5.47
1844	12	-2	26	4.7	0.7
1845	1	-0.9	38.1	5.4	1.69
1845	2	-7.3	28.7	0	-4.07
1845	3	-6.3	37.5	0	-3.17
1845	4	4.8	26	34.6	6.82
1845	5	7.9	96.7	46.7	9.61
1845	6	13.8	25.4	69.8	14.92
1845	7	15.3	65.1	47.9	16.27
1845	8	13.9	85.2	39.7	15.01
1845	9	10.7	57	25.8	12.13
1845	10	6.5	91.3	14.7	8.35
1845	11	4.1	47.6	10.7	6.19
1845	12	0.5	70.4	6.6	2.95
1846	1	-1.2	53.6	5.2	1.42
1846	2	-0.2	51.6	15	2.32
1846	3	3	70.4	27.5	5.2
1846	4	4.9	39.5	35	6.91
1846	5	8.9	29.4	50.6	10.51
1846	6	15	33.4	74.5	16
1846	7	15.9	64.4	52	16.81
1846	8	19.1	29.4	79.8	19.69
1846	9	13.5	22.7	37.6	14.65
1846	10	10.7	37.5	25.8	12.13
1846	11	3.7	32.1	10.1	5.83
1846	12	-3.5	38.8	3.8	-0.65
1847	1	-1.9	36.1	4.8	0.79
1847	2	-2.8	39.5	4.8	-0.02
1847	3	-0.4	40.8	14.2	2.14
1847	4	2.4	43.5	25.2	4.66
1847	5	9.1	56.3	51.4	10.69
1847	6	13.7	48.9	69.4	14.83
1847	7	15.9	40.8	52	16.81
1847	8	16.6	32.1	57.1	17.44
1847	9	10.5	59	25.2	11.95
1847	10	6	37.5	13.7	7.9
1847	11	4.7	30.7	11.5	6.73
1847	12	0.6	25.4	6.7	3.04
1848	1	-4.9	20.6	3.2	-1.91
1848	2	-0.5	51.6	13.8	2.05
1848	3	1.4	40.2	21.2	3.76
1848	4	5.6	57	37.7	7.54
1848	5	10.7	21.3	57.7	12.13
1848	6	14.7	79.9	73.3	15.73
1848	7	14.4	40.2	42.5	15.46
1848	8	12.5	88.6	32.9	13.75
1848	9	11.1	38.8	27.3	12.49
1848	10	8.2	84.6	18.5	9.88
1848	11	2.1	52.3	8.1	4.39
1848	12	1.5	27.4	7.5	3.85
1849	1	-2.6	48.2	4.3	0.16
1849	2	0.7	44.2	18.5	3.13
1849	3	0.8	37.5	18.9	3.22
1849	4	3.9	27.4	31	6.01
1849	5	10.2	20.6	55.7	11.68
1849	6	11.3	84.6	60	12.67
1849	7	13.7	96	38.7	14.83
1849	8	13.8	44.9	39.2	14.92
1849	9	11.7	46.9	29.6	13.03
1849	10	5.6	78.5	13	7.54
1849	11	2.1	32.8	8.1	4.39
1849	12	-1.7	38.1	4.9	0.97
1850	1	-5	26	3.1	-2
1850	2	0.5	50.3	17.7	2.95
1850	3	-1	22.7	11.8	1.6
1850	4	4.4	50.9	33	6.46
1850	5	9.6	40.2	53.4	11.14
1850	6	13.7	39.5	69.4	14.83
1850	7	15.1	93.3	46.7	16.09
1850	8	15	55.6	46	16
1850	9	10.7	52.9	25.8	12.13
1850	10	5.6	50.9	13	7.54
1850	11	1.8	67.7	7.8	4.12
1850	12	0.4	28.7	6.5	2.86
1851	1	-0.4	36.1	5.8	2.14
1851	2	0.1	34.8	16.2	2.59
1851	3	0.1	57	16.2	2.59
1851	4	5.3	72.5	36.5	7.27
1851	5	7.7	46.9	45.9	9.43
1851	6	11.9	60.3	62.4	13.21
1851	7	14	45.5	40.3	15.1
1851	8	14.6	33.4	43.6	15.64
1851	9	11.4	32.8	28.4	12.76
1851	10	9.2	44.9	21.1	10.78
1851	11	1.8	71.8	7.8	4.12
1851	12	1.5	24	7.5	3.85
1852	1	0.9	51.6	6.9	3.31
1852	2	-1	56.3	11.8	1.6
1852	3	-0.4	22	14.2	2.14
1852	4	2.6	29.4	25.9	4.84
1852	5	10	49.6	54.9	11.5
1852	6	14.1	68.4	71	15.19
1852	7	17.7	18	66.2	18.43
1852	8	16.6	60.3	57.1	17.44
1852	9	12	61	30.8	13.3
1852	10	5.8	64.4	13.4	7.72
1852	11	3	82.5	9.2	5.2
1852	12	2.6	69.1	8.7	4.84
1853	1	1.1	52.3	7.1	3.49
1853	2	-4.7	42.8	0	-1.73
1853	3	-4.3	29.4	0	-1.37
1853	4	1.9	48.9	23.2	4.21
1853	5	8.7	38.8	49.8	10.33
1853	6	14.7	39.5	73.3	15.73
1853	7	15.4	65.1	48.6	16.36
1853	8	14.1	57.7	40.8	15.19
1853	9	11.4	45.5	28.4	12.76
1853	10	8.1	37.5	18.2	9.79
1853	11	3	26	9.2	5.2
1853	12	-1.2	19.3	5.2	1.42
1854	1	-2.5	44.9	4.4	0.25
1854	2	-1.6	34.8	9.5	1.06
1854	3	2	28	23.6	4.3
1854	4	5.3	28.7	36.5	7.27
1854	5	9.7	46.2	53.8	11.23
1854	6	12.8	45.5	65.9	14.02
1854	7	15.6	32.8	49.9	16.54
1854	8	15.5	104.7	49.2	16.45
1854	9	11.3	59.7	28	12.67
1854	10	7.7	40.8	17.3	9.43
1854	11	-0.1	38.8	6.1	2.41
1854	12	0	61.7	6.1	2.5
1855	1	-3	34.8	4.1	-0.2
1855	2	-7.9	20	0	-4.61
1855	3	-2	38.1	7.9	0.7
1855	4	3	42.2	27.5	5.2
1855	5	6.9	55	42.8	8.71
1855	6	12.9	51.6	66.3	14.11
1855	7	16.4	62.4	55.6	17.26
1855	8	14.6	65.7	43.6	15.64
1855	9	11	34.8	26.9	12.4
1855	10	8.8	68.4	20	10.42
1855	11	2.9	18.6	9.1	5.11
1855	12	-3.4	38.1	3.9	-0.56
1856	1	-1.7	44.2	4.9	0.97
1856	2	-1.7	42.2	9.1	0.97
1856	3	-0.3	16.6	14.6	2.23
1856	4	5.4	59	36.9	7.36
1856	5	7.5	47.6	45.1	9.25
1856	6	13	52.9	66.7	14.2
1856	7	12.7	57	33.8	13.93
1856	8	13.4	41.5	37.1	14.56
1856	9	10.8	52.9	26.2	12.22
1856	10	8.8	30.1	20	10.42
1856	11	-0.1	59.7	6.1	2.41
1856	12	0.7	57.7	6.7	3.13
1857	1	-3.3	41.5	3.9	-0.47
1857	2	-1.2	26.7	11.1	1.42
1857	3	0.1	36.1	16.2	2.59
1857	4	3.3	52.9	28.7	5.47
1857	5	9.3	21.3	52.2	10.87
1857	6	14.7	24.7	73.3	15.73
1857	7	15.1	36.1	46.7	16.09
1857	8	17.5	43.5	64.4	18.25
1857	9	13.6	33.4	38.1	14.74
1857	10	9.9	40.2	23.2	11.41
1857	11	3.4	32.8	9.7	5.56
1857	12	3.9	27.4	10.4	6.01
1858	1	-0.8	34.1	5.5	1.78
1858	2	-2.9	20.6	4.4	-0.11
1858	3	0.1	27.4	16.2	2.59
1858	4	4.5	26	33.4	6.55
1858	5	9.1	77.2	51.4	10.69
1858	6	15.8	32.8	77.6	16.72
1858	7	16.2	48.9	54.1	17.08
1858	8	16.4	51.6	55.6	17.26
1858	9	13.8	24	39.2	14.92
1858	10	7.7	35.4	17.3	9.43
1858	11	-0.4	30.1	5.8	2.14
1858	12	0.2	38.1	6.3	2.68
1859	1	0.7	34.1	6.7	3.13
1859	2	1.5	52.9	21.6	3.85
1859	3	2.7	40.2	26.3	4.93
1859	4	4.3	49.6	32.6	6.37
1859	5	10.9	23.3	58.5	12.31
1859	6	14.7	48.9	73.3	15.73
1859	7	16	37.5	52.7	16.9
1859	8	16.4	49.6	55.6	17.26
1859	9	11.8	86.6	30	13.12
1859	10	7.9	44.9	17.7	9.61
1859	11	2.8	55.6	8.9	5.02
1859	12	-2	58.3	4.7	0.7
1860	1	-0.2	37.5	6	2.32
1860	2	-3.7	38.8	1.3	-0.83
1860	3	-1.3	36.8	10.7	1.33
1860	4	4.3	48.9	32.6	6.37
1860	5	9.7	41.5	53.8	11.23
1860	6	13.4	77.2	68.2	14.56
1860	7	15.5	30.1	49.2	16.45
1860	8	13.6	103.4	38.1	14.74
1860	9	11.5	48.9	28.8	12.85
1860	10	6.4	51.6	14.5	8.26
1860	11	1.6	30.7	7.6	3.94
1860	12	-2.1	31.4	4.6	0.61
1861	1	-4.5	28	3.4	-1.55
1861	2	-0.1	46.9	15.4	2.41
1861	3	2	56.3	23.6	4.3
1861	4	3.8	23.3	30.6	5.92
1861	5	7.1	33.4	43.6	8.89
1861	6	14.7	65.7	73.3	15.73
1861	7	16.1	85.9	53.4	16.99
1861	8	14.7	48.9	44.2	15.73
1861	9	10.5	63.7	25.2	11.95
1861	10	8.1	18.6	18.2	9.79
1861	11	2.9	71.1	9.1	5.11
1861	12	1	34.1	7	3.4
1862	1	-2.7	37.5	4.3	0.07
1862	2	-2.9	30.7	4.4	-0.11
1862	3	-1	30.7	11.8	1.6
1862	4	4.4	28	33	6.46
1862	5	11	33.4	58.8	12.4
1862	6	12.8	72.5	65.9	14.02
1862	7	12.8	68.4	34.3	14.02
1862	8	14.1	37.5	40.8	15.19
1862	9	12	74.5	30.8	13.3
1862	10	8.5	67.7	19.2	10.15
1862	11	2.9	35.4	9.1	5.11
1862	12	0	60.3	6.1	2.5
1863	1	2	42.8	8	4.3
1863	2	1.8	38.1	22.8	4.12
1863	3	1.4	47.6	21.2	3.76
1863	4	5.7	46.2	38.1	7.63
1863	5	9.1	31.4	51.4	10.69
1863	6	14.2	55	71.4	15.28
1863	7	12.8	58.3	34.3	14.02
1863	8	14.7	57.7	44.2	15.73
1863	9	11.2	65.1	27.6	12.58
1863	10	9.4	32.8	21.7	10.96
1863	11	4.3	30.1	10.9	6.37
1863	12	1.6	67.1	7.6	3.94
1864	1	-2.6	30.1	4.3	0.16
1864	2	-1.2	30.1	11.1	1.42
1864	3	0.8	46.2	18.9	3.22
1864	4	3.8	24.7	30.6	5.92
1864	5	7.2	33.4	44	8.98
1864	6	12.9	94.7	66.3	14.11
1864	7	14.6	43.5	43.6	15.64
1864	8	11.5	116.9	28.8	12.85
1864	9	10.8	72.5	26.2	12.22
1864	10	5.7	42.2	13.2	7.63
1864	11	1.9	55.6	7.9	4.21
1864	12	0.3	18.6	6.4	2.77
1865	1	-1.2	33.4	5.2	1.42
1865	2	-5.2	22.7	0	-2.18
1865	3	-2.3	23.3	6.8	0.43
1865	4	4.7	19.3	34.2	6.73
1865	5	11.8	25.4	62	13.12
1865	6	11.4	34.1	60.4	12.76
1865	7	16.4	51.6	55.6	17.26
1865	8	14.1	52.9	40.8	15.19
1865	9	12.3	35.4	32	13.57
1865	10	6.8	52.3	15.3	8.62
1865	11	4.4	46.9	11.1	6.46
1865	12	1.8	17.3	7.8	4.12
1866	1	2.3	44.2	8.4	4.57
1866	2	1.2	77.2	20.5	3.58
1866	3	-1.1	36.1	11.5	1.51
1866	4	4.9	63	35	6.91
1866	5	7.3	75.8	44.4	9.07
1866	6	15.4	44.2	76.1	16.36
1866	7	14.2	50.3	41.3	15.28
1866	8	13.8	66.4	39.2	14.92
1866	9	13	58.3	35.2	14.2
1866	10	6.7	32.1	15.1	8.53
1866	11	2	66.4	8	4.3
1866	12	0.6	51.6	6.7	3.04
1867	1	-3.7	60.3	3.7	-0.83
1867	2	0.7	60.3	18.5	3.13
1867	3	-2	25.4	7.9	0.7
1867	4	3.7	64.4	30.3	5.83
1867	5	5.9	46.9	38.9	7.81
1867	6	12.3	51.6	63.9	13.57
1867	7	13.2	98.7	36.2	14.38
1867	8	14.5	26.7	43	15.55
1867	9	11.2	65.7	27.6	12.58
1867	10	7.2	58.3	16.2	8.98
1867	11	1.6	50.9	7.6	3.94
1867	12	-3.9	37.5	3.6	-1.01
1868	1	-2	32.8	4.7	0.7
1868	2	1.3	50.3	20.9	3.67
1868	3	1.7	53.6	22.4	4.03
1868	4	4.8	49.6	34.6	6.82
1868	5	11.3	19.3	60	12.67
1868	6	14.7	16.6	73.3	15.73
1868	7	17.1	20	61	17.89
1868	8	17.4	55	63.5	18.16
1868	9	11.6	57.7	29.2	12.94
1868	10	6.7	55.6	15.1	8.53
1868	11	1.3	31.4	7.3	3.67
1868	12	1.6	81.9	7.6	3.94
1869	1	0.4	31.4	6.5	2.86
1869	2	2.1	34.8	24	4.39
1869	3	0.1	24	16.2	2.59
1869	4	6.6	21.3	41.6	8.44
1869	5	8.9	64.4	50.6	10.51
1869	6	11.6	36.1	61.2	12.94
1869	7	15	30.1	46	16
1869	8	13.6	57	38.1	14.74
1869	9	11.7	42.8	29.6	13.03
1869	10	6.1	54.3	13.9	7.99
1869	11	1.3	39.5	7.3	3.67
1869	12	0.4	36.1	6.5	2.86
1870	1	-0.4	36.1	5.8	2.14
1870	2	-5.3	18.6	0	-2.27
1870	3	-1.4	20.6	10.3	1.24
1870	4	5	25.4	35.3	7
1870	5	9.4	27.4	52.6	10.96
1870	6	12.8	36.8	65.9	14.02
1870	7	15.5	22.7	49.2	16.45
1870	8	14.9	55	45.4	15.91
1870	9	10.5	58.3	25.2	11.95
1870	10	5.5	81.2	12.9	7.45
1870	11	3.2	46.2	9.4	5.38
1870	12	-4.7	36.8	3.3	-1.73
1871	1	-4.1	20	3.5	-1.19
1871	2	-4.4	28.7	0	-1.46
1871	3	1.9	27.4	23.2	4.21
1871	4	3	28.7	27.5	5.2
1871	5	7.9	25.4	46.7	9.61
1871	6	11.8	65.1	62	13.12
1871	7	15.1	68.4	46.7	16.09
1871	8	14.7	32.1	44.2	15.73
1871	9	10.1	71.1	23.8	11.59
1871	10	5.4	25.4	12.7	7.36
1871	11	0.5	31.4	6.6	2.95
1871	12	-2.1	28	4.6	0.61
1872	1	0.1	38.1	6.2	2.59
1872	2	-0.6	26.7	13.4	1.96
1872	3	1.7	52.9	22.4	4.03
1872	4	5.9	44.9	38.9	7.81
1872	5	10.6	72.5	57.3	12.04
1872	6	14.6	48.9	72.9	15.64
1872	7	16.8	55.6	58.6	17.62
1872	8	14.7	34.8	44.2	15.73
1872	9	12.2	74.5	31.6	13.48
1872	10	8.4	75.1	19	10.06
1872	11	5.3	52.3	12.5	7.27
1872	12	0.6	57.7	6.7	3.04
1873	1	2.5	38.8	8.6	4.75
1873	2	-1.3	22	10.7	1.33
1873	3	1.3	20.6	20.9	3.67
1873	4	4	33.4	31.4	6.1
1873	5	7.7	63.7	45.9	9.43
1873	6	13.9	52.3	70.2	15.01
1873	7	16	91.3	52.7	16.9
1873	8	14.7	71.1	44.2	15.73
1873	9	11.3	61	28	12.67
1873	10	7.2	81.2	16.2	8.98
1873	11	3	51.6	9.2	5.2
1873	12	2.7	36.8	8.8	4.93
1874	1	2	41.5	8	4.3
1874	2	0.2	19.3	16.5	2.68
1874	3	1.8	44.9	22.8	4.12
1874	4	5.5	35.4	37.3	7.45
1874	5	7.9	24.7	46.7	9.61
1874	6	13.5	31.4	68.6	14.65
1874	7	15.9	73.1	52	16.81
1874	8	13.7	60.3	38.7	14.83
1874	9	12.2	59.7	31.6	13.48
1874	10	9	36.8	20.6	10.6
1874	11	2	55	8	4.3
1874	12	-1.9	43.5	4.8	0.79
1875	1	-1.5	59	5	1.15
1875	2	-3.5	15.9	2.1	-0.65
1875	3	-1.2	35.4	11.1	1.42
1875	4	4	21.3	31.4	6.1
1875	5	10.1	30.7	55.3	11.59
1875	6	14.3	60.3	71.8	15.37
1875	7	15.3	48.2	47.9	16.27
1875	8	16.4	45.5	55.6	17.26
1875	9	12	40.2	30.8	13.3
1875	10	5.4	56.3	12.7	7.36
1875	11	0.8	63	6.8	3.22
1875	12	-1.5	26.7	5	1.15
1876	1	-1.8	22.7	4.8	0.88
1876	2	-1	48.9	11.8	1.6
1876	3	1	61	19.7	3.4
1876	4	5.4	34.1	36.9	7.36
1876	5	7.5	41.5	45.1	9.25
1876	6	14.7	50.9	73.3	15.73
1876	7	16	44.9	52.7	16.9
1876	8	15.2	37.5	47.3	16.18
1876	9	10.8	65.7	26.2	12.22
1876	10	8.1	37.5	18.2	9.79
1876	11	0.4	28.7	6.5	2.86
1876	12	-1.6	48.2	5	1.06
1877	1	-0.2	67.7	6	2.32
1877	2	-1.1	50.9	11.5	1.51
1877	3	-1.2	30.7	11.1	1.42
1877	4	3	27.4	27.5	5.2
1877	5	7.7	44.2	45.9	9.43
1877	6	14.6	40.8	72.9	15.64
1877	7	14.9	81.9	45.4	15.91
1877	8	13.5	97.3	37.6	14.65
1877	9	8.6	43.5	19.5	10.24
1877	10	5.7	61.7	13.2	7.63
1877	11	5.2	41.5	12.3	7.18
1877	12	0.7	40.2	6.7	3.13
1878	1	-0.9	46.9	5.4	1.69
1878	2	0.7	24.7	18.5	3.13
1878	3	1.8	38.8	22.8	4.12
1878	4	6.5	28.7	41.2	8.35
1878	5	9.6	52.9	53.4	11.14
1878	6	13.6	53.6	69	14.74
1878	7	14.6	38.1	43.6	15.64
1878	8	16.1	45.5	53.4	16.99
1878	9	12.5	47.6	32.9	13.75
1878	10	8.7	42.2	19.8	10.33
1878	11	3.2	77.2	9.4	5.38
1878	12	-0.9	34.1	5.4	1.69
1879	1	-4	26	3.6	-1.1
1879	2	-3.5	42.8	2.1	-0.65
1879	3	-0.6	20	13.4	1.96
1879	4	2.9	47.6	27.1	5.11
1879	5	9.4	40.8	52.6	10.96
1879	6	13.2	52.9	67.5	14.38
1879	7	13.6	87.3	38.1	14.74
1879	8	14.7	89.3	44.2	15.73
1879	9	12.1	34.1	31.2	13.39
1879	10	7.2	41.5	16.2	8.98
1879	11	0.9	26	6.9	3.31
1879	12	-3.2	18	4	-0.38
1880	1	-2.5	20	4.4	0.25
1880	2	-0.7	42.2	13	1.87
1880	3	0.7	24	18.5	3.13
1880	4	5.8	35.4	38.5	7.72
1880	5	9.3	23.3	52.2	10.87
1880	6	13.5	42.2	68.6	14.65
1880	7	15.8	76.5	51.3	16.72
1880	8	16.2	20	54.1	17.08
1880	9	12.9	54.3	34.7	14.11
1880	10	4.4	97.3	11.1	6.46
1880	11	2.5	85.2	8.6	4.75
1880	12	0.4	50.3	6.5	2.86
1881	1	-5	18.6	3.1	-2
1881	2	-3.6	28	1.7	-0.74
1881	3	-1.7	32.1	9.1	0.97
1881	4	2.9	16.6	27.1	5.11
1881	5	9.9	46.2	54.5	11.41
1881	6	13.5	28	68.6	14.65
1881	7	14.8	77.2	44.8	15.82
1881	8	13.3	59	36.6	14.47
1881	9	10.7	63	25.8	12.13
1881	10	5	55.6	12	7
1881	11	4.1	49.6	10.7	6.19
1881	12	1.7	38.1	7.7	4.03
1882	1	1.2	30.7	7.2	3.58
1882	2	1.6	25.4	22	3.94
1882	3	4	44.9	31.4	6.1
1882	4	5.8	41.5	38.5	7.72
1882	5	9.8	26.7	54.1	11.32
1882	6	13.2	69.1	67.5	14.38
1882	7	16	45.5	52.7	16.9
1882	8	14.7	73.8	44.2	15.73
1882	9	12.9	45.5	34.7	14.11
1882	10	7.6	50.3	17	9.34
1882	11	1.6	59.7	7.6	3.94
1882	12	-1.6	34.1	5	1.06
1883	1	-1.4	29.4	5.1	1.24
1883	2	0.1	21.3	16.2	2.59
1883	3	-2.3	18	6.8	0.43
1883	4	4	26	31.4	6.1
1883	5	10	29.4	54.9	11.5
1883	6	14.7	39.5	73.3	15.73
1883	7	16.1	73.1	53.4	16.99
1883	8	14.1	51.6	40.8	15.19
1883	9	11.8	50.9	30	13.12
1883	10	7.5	59.7	16.8	9.25
1883	11	4	71.1	10.5	6.1
1883	12	0.5	45.5	6.6	2.95
1884	1	1.7	67.1	7.7	4.03
1884	2	1.7	47.6	22.4	4.03
1884	3	1.8	47.6	22.8	4.12
1884	4	3.8	27.4	30.6	5.92
1884	5	9.7	34.8	53.8	11.23
1884	6	13	32.8	66.7	14.2
1884	7	16	65.1	52.7	16.9
1884	8	15.2	44.2	47.3	16.18
1884	9	13.5	38.1	37.6	14.65
1884	10	7.6	83.2	17	9.34
1884	11	0.5	38.8	6.6	2.95
1884	12	0.5	51.6	6.6	2.95
1885	1	-1.2	30.1	5.2	1.42
1885	2	0.5	38.8	17.7	2.95
1885	3	1.2	29.4	20.5	3.58
1885	4	5.9	26	38.9	7.81
1885	5	8	47.6	47.1	9.7
1885	6	13.5	67.1	68.6	14.65
1885	7	15.8	24.7	51.3	16.72
1885	8	12.7	70.4	33.8	13.93
1885	9	10.3	76.5	24.5	11.77
1885	10	5.3	81.2	12.5	7.27
1885	11	1.6	26.7	7.6	3.94
1885	12	0.2	28	6.3	2.68
1886	1	-1.2	41.5	5.2	1.42
1886	2	-2.6	19.3	5.6	0.16
1886	3	-1.7	25.4	9.1	0.97
1886	4	5.8	33.4	38.5	7.72
1886	5	10.1	39.5	55.3	11.59
1886	6	13.1	42.8	67.1	14.29
1886	7	14.5	48.2	43	15.55
1886	8	14.8	34.1	44.8	15.82
1886	9	12.3	45.5	32	13.57
1886	10	7.9	63.7	17.7	9.61
1886	11	4.6	30.7	11.4	6.64
1886	12	-0.4	54.3	5.8	2.14
1887	1	-1.5	18	5	1.15
1887	2	-0.9	21.3	12.2	1.69
1887	3	0.4	30.1	17.3	2.86
1887	4	4.7	42.2	34.2	6.73
1887	5	9	61	51	10.6
1887	6	14	30.7	70.6	15.1
1887	7	16.2	44.2	54.1	17.08
1887	8	14.2	43.5	41.3	15.28
1887	9	11.3	49.6	28	12.67
1887	10	5.3	47.6	12.5	7.27
1887	11	2.5	44.9	8.6	4.75
1887	12	-0.5	50.9	5.7	2.05
1888	1	-1.7	34.1	4.9	0.97
1888	2	-2.8	32.1	4.8	-0.02
1888	3	-3.9	62.4	0.5	-1.01
1888	4	1.9	27.4	23.2	4.21
1888	5	9.2	44.2	51.8	10.78
1888	6	12.7	50.9	65.5	13.93
1888	7	13.5	79.2	37.6	14.65
1888	8	13.6	46.9	38.1	14.74
1888	9	11.3	29.4	28	12.67
1888	10	5.3	43.5	12.5	7.27
1888	11	3	44.9	9.2	5.2
1888	12	1.9	52.3	7.9	4.21
1889	1	-1.3	24.7	5.2	1.33
1889	2	-4	35.4	0.1	-1.1
1889	3	-1.4	32.1	10.3	1.24
1889	4	4.3	37.5	32.6	6.37
1889	5	12.8	43.5	65.9	14.02
1889	6	17.8	31.4	85.5	18.52
1889	7	15	55	46	16
1889	8	13.8	86.6	39.2	14.92
1889	9	9.7	73.8	22.6	11.23
1889	10	7.7	63	17.3	9.43
1889	11	3.8	24.7	10.2	5.92
1889	12	-0.2	24	6	2.32
1890	1	1	42.8	7	3.4
1890	2	-1	16.6	11.8	1.6
1890	3	1.9	35.4	23.2	4.21
1890	4	5	46.2	35.3	7
1890	5	11.6	30.1	61.2	12.94
1890	6	12.8	44.9	65.9	14.02
1890	7	13.9	75.8	39.7	15.01
1890	8	14.6	77.2	43.6	15.64
1890	9	12.2	24.7	31.6	13.48
1890	10	6.7	64.4	15.1	8.53
1890	11	3.1	36.8	9.3	5.29
1890	12	-2.9	15.9	4.2	-0.11
1891	1	-4.1	38.8	3.5	-1.19
1891	2	-0.5	23.3	13.8	2.05
1891	3	0.2	48.9	16.5	2.68
1891	4	3.9	28.7	31	6.01
1891	5	9.7	63.7	53.8	11.23
1891	6	13.1	61	67.1	14.29
1891	7	16.1	79.9	53.4	16.99
1891	8	13.6	129	38.1	14.74
1891	9	12.3	42.8	32	13.57
1891	10	9.1	55.6	20.8	10.69
1891	11	2.3	40.2	8.4	4.57
1891	12	1.7	55	7.7	4.03
1892	1	-1.8	52.3	4.8	0.88
1892	2	-1.1	22.7	11.5	1.51
1892	3	-0.3	31.4	14.6	2.23
1892	4	4.9	39.5	35	6.91
1892	5	9.8	38.8	54.1	11.32
1892	6	13.2	74.5	67.5	14.38
1892	7	14.3	32.1	41.9	15.37
1892	8	14.7	77.8	44.2	15.73
1892	9	12	48.2	30.8	13.3
1892	10	6.7	75.1	15.1	8.53
1892	11	3.2	19.3	9.4	5.38
1892	12	-2.2	39.5	4.6	0.52
1893	1	-7.2	29.4	2.3	-3.98
1893	2	-3.4	63	2.4	-0.56
1893	3	1.5	34.8	21.6	3.85
1893	4	5.8	18.6	38.5	7.72
1893	5	9.7	35.4	53.8	11.23
1893	6	14.2	27.4	71.4	15.28
1893	7	16.4	48.9	55.6	17.26
1893	8	15.4	52.9	48.6	16.36
1893	9	10.5	60.3	25.2	11.95
1893	10	7.8	109.5	17.5	9.52
1893	11	1.7	57	7.7	4.03
1893	12	1.9	40.2	7.9	4.21
1894	1	-1	37.5	5.4	1.6
1894	2	0.5	48.2	17.7	2.95
1894	3	3	41.5	27.5	5.2
1894	4	6.6	56.3	41.6	8.44
1894	5	9.8	45.5	54.1	11.32
1894	6	14.1	37.5	71	15.19
1894	7	16.5	106.1	56.3	17.35
1894	8	14.2	58.3	41.3	15.28
1894	9	9.8	38.1	22.9	11.32
1894	10	5.6	77.2	13	7.54
1894	11	5.3	42.8	12.5	7.27
1894	12	1.7	37.5	7.7	4.03
1895	1	-2.4	26	4.4	0.34
1895	2	-6.7	22	0	-3.53
1895	3	-0.4	41.5	14.2	2.14
1895	4	6.1	25.4	39.7	7.99
1895	5	11.5	40.2	60.8	12.85
1895	6	14.5	46.9	72.6	15.55
1895	7	14.7	72.5	44.2	15.73
1895	8	14.9	73.1	45.4	15.91
1895	9	12.5	24	32.9	13.75
1895	10	6.4	57	14.5	8.26
1895	11	3.6	67.1	10	5.74
1895	12	-0.5	59	5.7	2.05
1896	1	-0.4	29.4	5.8	2.14
1896	2	0.7	20	18.5	3.13
1896	3	2.3	67.1	24.8	4.57
1896	4	4.9	42.8	35	6.91
1896	5	10.2	34.8	55.7	11.68
1896	6	17	42.8	82.3	17.8
1896	7	17	36.1	60.2	17.8
1896	8	14.3	69.1	41.9	15.37
1896	9	11.5	81.9	28.8	12.85
1896	10	7.8	71.1	17.5	9.52
1896	11	1.8	35.4	7.8	4.12
1896	12	-0.5	41.5	5.7	2.05
1897	1	-2.8	20.6	4.2	-0.02
1897	2	-1.5	22.7	9.9	1.15
1897	3	1.4	77.2	21.2	3.76
1897	4	5.1	49.6	35.7	7.09
1897	5	10.2	46.2	55.7	11.68
1897	6	15.5	36.8	76.5	16.45
1897	7	15.1	110.8	46.7	16.09
1897	8	16.8	60.3	58.6	17.62
1897	9	11.2	77.8	27.6	12.58
1897	10	6.5	20.6	14.7	8.35
1897	11	3.4	36.1	9.7	5.56
1897	12	1.8	42.2	7.8	4.12
1898	1	2.4	45.5	8.5	4.66
1898	2	0.6	42.8	18.1	3.04
1898	3	0.7	45.5	18.5	3.13
1898	4	3.8	48.9	30.6	5.92
1898	5	8.8	82.5	50.2	10.42
1898	6	13.3	79.2	67.9	14.47
1898	7	12.8	54.3	34.3	14.02
1898	8	14.9	48.9	45.4	15.91
1898	9	12.1	59.7	31.2	13.39
1898	10	7.1	22	15.9	8.89
1898	11	4.7	40.8	11.5	6.73
1898	12	3.2	65.7	9.4	5.38
1899	1	0.7	60.3	6.7	3.13
1899	2	0.8	40.2	18.9	3.22
1899	3	0.7	39.5	18.5	3.13
1899	4	5.3	50.9	36.5	7.27
1899	5	10.1	30.1	55.3	11.59
1899	6	13.6	24.7	69	14.74
1899	7	17.4	36.1	63.5	18.16
1899	8	15.1	25.4	46.7	16.09
1899	9	11	79.9	26.9	12.4
1899	10	7	43.5	15.7	8.8
1899	11	6.1	51.6	13.9	7.99
1899	12	-1.3	40.8	5.2	1.33
1900	1	-1.2	50.9	5.2	1.42
1900	2	-1.9	44.9	8.3	0.79
1900	3	-0.6	32.8	13.4	1.96
1900	4	4.1	34.1	31.8	6.19
1900	5	8.2	32.8	47.9	9.88
1900	6	14.5	37.5	72.6	15.55
1900	7	16.2	77.2	54.1	17.08
1900	8	15.3	61	47.9	16.27
1900	9	11.7	57	29.6	13.03
1900	10	7.1	103.4	15.9	8.89
1900	11	4.1	38.8	10.7	6.19
1900	12	2.6	62.4	8.7	4.84
1901	1	-2.2	34.1	4.6	0.52
1901	2	-4	23.3	0.1	-1.1
1901	3	-0.1	47.6	15.4	2.41
1901	4	5.2	52.3	36.1	7.18
1901	5	10.9	44.2	58.5	12.31
1901	6	13.2	115.5	67.5	14.38
1901	7	18.3	32.8	71.7	18.97
1901	8	16	49.6	52.7	16.9
1901	9	12.3	38.8	32	13.57
1901	10	9.1	30.1	20.8	10.69
1901	11	2.5	64.4	8.6	4.75
1901	12	0.3	56.3	6.4	2.77
1902	1	1.9	46.9	7.9	4.21
1902	2	-3	22	4	-0.2
1902	3	0.8	52.3	18.9	3.22
1902	4	3.6	26.7	29.9	5.74
1902	5	7.6	72.5	45.5	9.34
1902	6	13.4	38.8	68.2	14.56
1902	7	13.3	48.9	36.6	14.47
1902	8	12	61	30.8	13.3
1902	9	9.8	40.8	22.9	11.32
1902	10	6.2	43.5	14.1	8.08
1902	11	1.8	18	7.8	4.12
1902	12	-1.2	49.6	5.2	1.42
1903	1	-0.5	46.2	5.7	2.05
1903	2	1.8	46.9	22.8	4.12
1903	3	3.7	26.7	30.3	5.83
1903	4	3.3	64.4	28.7	5.47
1903	5	10.8	21.3	58.1	12.22
1903	6	14.1	55	71	15.19
1903	7	14.9	50.9	45.4	15.91
1903	8	12.8	75.1	34.3	14.02
1903	9	11.1	55.6	27.3	12.49
1903	10	7	104.1	15.7	8.8
1903	11	2.4	55.6	8.5	4.66
1903	12	0.1	28	6.2	2.59
1904	1	-0.6	39.5	5.7	1.96
1904	2	-1.2	44.2	11.1	1.42
1904	3	0.6	40.2	18.1	3.04
1904	4	5.4	50.3	36.9	7.36
1904	5	9	59	51	10.6
1904	6	13.5	42.8	68.6	14.65
1904	7	15.6	30.1	49.9	16.54
1904	8	14.7	38.8	44.2	15.73
1904	9	11.5	22.7	28.8	12.85
1904	10	7	48.9	15.7	8.8
1904	11	3.4	67.1	9.7	5.56
1904	12	1.9	48.2	7.9	4.21
1905	1	-1	36.1	5.4	1.6
1905	2	-0.1	41.5	15.4	2.41
1905	3	1.8	46.2	22.8	4.12
1905	4	2.9	57.7	27.1	5.11
1905	5	10.6	24	57.3	12.04
1905	6	15.6	46.2	76.9	16.54
1905	7	16.1	52.3	53.4	16.99
1905	8	14.5	129	43	15.55
1905	9	11	57.7	26.9	12.4
1905	10	4	67.1	10.5	6.1
1905	11	2.5	34.8	8.6	4.75
1905	12	0.8	19.3	6.8	3.22
1906	1	0.1	56.3	6.2	2.59
1906	2	-0.4	42.2	14.2	2.14
1906	3	0.7	37.5	18.5	3.13
1906	4	6.4	28.7	40.8	8.26
1906	5	11.6	34.8	61.2	12.94
1906	6	14.9	49.6	74.1	15.91
1906	7	15.6	43.5	49.9	16.54
1906	8	15.1	71.8	46.7	16.09
1906	9	12.1	44.2	31.2	13.39
1906	10	8.2	36.1	18.5	9.88
1906	11	6	68.4	13.7	7.9
1906	12	-1.7	32.1	4.9	0.97
1907	1	-1.1	36.1	5.3	1.51
1907	2	-1.5	31.4	9.9	1.15
1907	3	1.1	33.4	20.1	3.49
1907	4	4	36.8	31.4	6.1
1907	5	9.3	44.9	52.2	10.87
1907	6	12.4	75.1	64.3	13.66
1907	7	14.2	58.3	41.3	15.28
1907	8	12.7	57	33.8	13.93
1907	9	10.9	21.3	26.5	12.31
1907	10	10.5	28	25.2	11.95
1907	11	3.8	41.5	10.2	5.92
1907	12	0.4	72.5	6.5	2.86
1908	1	-0.8	30.1	5.5	1.78
1908	2	0.7	48.2	18.5	3.13
1908	3	0.4	37.5	17.3	2.86
1908	4	3.9	49.6	31	6.01
1908	5	9.5	68.4	53	11.05
1908	6	14.1	52.3	71	15.19
1908	7	16.9	48.2	59.4	17.71
1908	8	14.3	63	41.9	15.37
1908	9	11.2	55.6	27.6	12.58
1908	10	8.1	20.6	18.2	9.79
1908	11	1.7	37.5	7.7	4.03
1908	12	0.2	28	6.3	2.68
1909	1	-0.9	36.8	5.4	1.69
1909	2	-2.9	27.4	4.4	-0.11
1909	3	-1.4	35.4	10.3	1.24
1909	4	3.5	40.8	29.5	5.65
1909	5	7.7	36.1	45.9	9.43
1909	6	13	57.7	66.7	14.2
1909	7	14	45.5	40.3	15.1
1909	8	14.1	41.5	40.8	15.19
1909	9	11.1	44.9	27.3	12.49
1909	10	9.8	45.5	22.9	11.32
1909	11	0.7	56.3	6.7	3.13
1909	12	1.1	73.1	7.1	3.49
1910	1	0.2	50.9	6.3	2.68
1910	2	0.7	77.2	18.5	3.13
1910	3	2.6	22.7	25.9	4.84
1910	4	5.6	50.9	37.7	7.54
1910	5	10.7	55.6	57.7	12.13
1910	6	15.4	41.5	76.1	16.36
1910	7	15.6	74.5	49.9	16.54
1910	8	15.1	57.7	46.7	16.09
1910	9	11.7	45.5	29.6	13.03
1910	10	7.9	24	17.7	9.61
1910	11	2.1	65.7	8.1	4.39
1910	12	2	52.9	8	4.3
1911	1	0.4	29.4	6.5	2.86
1911	2	0.5	57.7	17.7	2.95
1911	3	1.7	35.4	22.4	4.03
1911	4	5.4	38.1	36.9	7.36
1911	5	12	53.6	62.8	13.3
1911	6	13.7	61.7	69.4	14.83
1911	7	15.6	52.9	49.9	16.54
1911	8	16.8	40.2	58.6	17.62
1911	9	12.7	28.7	33.8	13.93
1911	10	7.3	71.8	16.4	9.07
1911	11	4.2	67.1	10.8	6.28
1911	12	2.3	53.6	8.4	4.57
1912	1	-3.2	33.4	4	-0.38
1912	2	-2.3	37.5	6.8	0.43
1912	3	2.8	42.2	26.7	5.02
1912	4	5.2	40.8	36.1	7.18
1912	5	9.6	32.8	53.4	11.14
1912	6	13.5	47.6	68.6	14.65
1912	7	17.3	45.5	62.7	18.07
1912	8	13.9	105.4	39.7	15.01
1912	9	9.3	33.4	21.4	10.87
1912	10	6	59.7	13.7	7.9
1912	11	2.4	63.7	8.5	4.66
1912	12	3.2	77.2	9.4	5.38
1913	1	-0.8	32.1	5.5	1.78
1913	2	0.3	28.7	16.9	2.77
1913	3	3	44.2	27.5	5.2
1913	4	5.9	28	38.9	7.81
1913	5	11.1	23.3	59.2	12.49
1913	6	13.7	33.4	69.4	14.83
1913	7	14.8	48.2	44.8	15.82
1913	8	14	52.3	40.3	15.1
1913	9	11.8	48.9	30	13.12
1913	10	7.7	56.3	17.3	9.43
1913	11	5.8	65.7	13.4	7.72
1913	12	1.6	65.7	7.6	3.94
1914	1	-1.6	35.4	5	1.06
1914	2	2.2	37.5	24.4	4.48
1914	3	1.9	68.4	23.2	4.21
1914	4	7.2	55	44	8.98
1914	5	10	34.8	54.9	11.5
1914	6	14.7	24.7	73.3	15.73
1914	7	18.7	66.4	75.7	19.33
1914	8	16.1	40.8	53.4	16.99
1914	9	11.9	52.9	30.4	13.21
1914	10	7.5	38.1	16.8	9.25
1914	11	3	52.9	9.2	5.2
1914	12	2.8	59.7	8.9	5.02
1915	1	-1.2	60.3	5.2	1.42
1915	2	-0.4	38.1	14.2	2.14
1915	3	-0.9	30.1	12.2	1.69
1915	4	5.5	36.1	37.3	7.45
1915	5	9.4	42.8	52.6	10.96
1915	6	13.7	21.3	69.4	14.83
1915	7	14.6	63	43.6	15.64
1915	8	14.1	43.5	40.8	15.19
1915	9	11.3	38.8	28	12.67
1915	10	5.6	25.4	13	7.54
1915	11	1.6	40.2	7.6	3.94
1915	12	-0.3	87.9	5.9	2.23
1916	1	2	73.1	8	4.3
1916	2	-0.4	40.2	14.2	2.14
1916	3	0.1	31.4	16.2	2.59
1916	4	5.9	40.2	38.9	7.81
1916	5	10.2	39.5	55.7	11.68
1916	6	11.7	72.5	61.6	13.03
1916	7	15.3	43.5	47.9	16.27
1916	8	14.3	100.7	41.9	15.37
1916	9	10.5	44.9	25.2	11.95
1916	10	6.7	66.4	15.1	8.53
1916	11	4.6	55.6	11.4	6.64
1916	12	1.3	76.5	7.3	3.67
1917	1	-2.3	44.9	4.5	0.43
1917	2	-3.2	20.6	3.2	-0.38
1917	3	-2.6	37.5	5.6	0.16
1917	4	2.9	42.2	27.1	5.11
1917	5	10.4	21.3	56.5	11.86
1917	6	17	27.4	82.3	17.8
1917	7	16.5	41.5	56.3	17.35
1917	8	16.2	73.8	54.1	17.08
1917	9	12	48.2	30.8	13.3
1917	10	6.7	89.3	15.1	8.53
1917	11	4.4	78.5	11.1	6.46
1917	12	-0.7	29.4	5.6	1.87
1918	1	-1.5	34.1	5	1.15
1918	2	-0.2	42.2	15	2.32
1918	3	1.1	16.6	20.1	3.49
1918	4	6.3	33.4	40.4	8.17
1918	5	11.4	26.7	60.4	12.76
1918	6	12.3	46.2	63.9	13.57
1918	7	15	73.8	46	16
1918	8	15	65.7	46	16
1918	9	10.4	59.7	24.8	11.86
1918	10	8	36.1	18	9.7
1918	11	3.6	31.4	10	5.74
1918	12	1.6	66.4	7.6	3.94
1919	1	0.5	40.2	6.6	2.95
1919	2	0.2	36.1	16.5	2.68
1919	3	-0.3	34.1	14.6	2.23
1919	4	4.8	50.3	34.6	6.82
1919	5	11	19.3	58.8	12.4
1919	6	13.6	41.5	69	14.74
1919	7	14.6	55	43.6	15.64
1919	8	13.1	52.9	35.7	14.29
1919	9	12.1	46.9	31.2	13.39
1919	10	5.9	35.4	13.6	7.81
1919	11	-0.1	41.5	6.1	2.41
1919	12	-0.6	75.1	5.7	1.96
1920	1	-0.2	55	6	2.32
1920	2	1.5	33.4	21.6	3.85
1920	3	3.7	27.4	30.3	5.83
1920	4	6.7	83.2	42	8.53
1920	5	10.3	81.9	56.1	11.77
1920	6	13.3	40.2	67.9	14.47
1920	7	15.9	69.1	52	16.81
1920	8	14.1	78.5	40.8	15.19
1920	9	11.8	37.5	30	13.12
1920	10	5.7	15.9	13.2	7.63
1920	11	3.2	21.3	9.4	5.38
1920	12	0.8	50.9	6.8	3.22
1921	1	2.3	66.4	8.4	4.57
1921	2	0.7	24.7	18.5	3.13
1921	3	4.1	28	31.8	6.19
1921	4	7.3	29.4	44.4	9.07
1921	5	12.3	37.5	63.9	13.57
1921	6	13.3	46.9	67.9	14.47
1921	7	15.8	39.5	51.3	16.72
1921	8	14.3	82.5	41.9	15.37
1921	9	11.2	38.1	27.6	12.58
1921	10	8.8	50.3	20	10.42
1921	11	1	48.9	7	3.4
1921	12	1.2	75.8	7.2	3.58
1922	1	-2.2	36.8	4.6	0.52
1922	2	-2.8	24.7	4.8	-0.02
1922	3	1.1	46.2	20.1	3.49
1922	4	3.6	30.1	29.9	5.74
1922	5	10.7	36.1	57.7	12.13
1922	6	12.8	48.9	65.9	14.02
1922	7	14	70.4	40.3	15.1
1922	8	13.1	71.8	35.7	14.29
1922	9	10.3	67.7	24.5	11.77
1922	10	4.4	29.4	11.1	6.46
1922	11	2.3	32.1	8.4	4.57
1922	12	2.5	48.2	8.6	4.75
1923	1	1.5	38.1	7.5	3.85
1923	2	-1.7	40.8	9.1	0.97
1923	3	2.2	24.7	24.4	4.48
1923	4	3.7	38.8	30.3	5.83
1923	5	8.2	40.2	47.9	9.88
1923	6	10.4	38.1	56.5	11.86
1923	7	15.7	52.3	50.6	16.63
1923	8	13.1	101.4	35.7	14.29
1923	9	11.3	48.2	28	12.67
1923	10	8.6	68.4	19.5	10.24
1923	11	2.4	63	8.5	4.66
1923	12	-1.7	44.9	4.9	0.97
1924	1	-3.3	29.4	3.9	-0.47
1924	2	-3.6	26	1.7	-0.74
1924	3	-1.1	47.6	11.5	1.51
1924	4	2.8	50.3	26.7	5.02
1924	5	9.5	50.9	53	11.05
1924	6	12.8	21.3	65.9	14.02
1924	7	14.2	36.1	41.3	15.28
1924	8	14.7	49.6	44.2	15.73
1924	9	12.7	35.4	33.8	13.93
1924	10	8.7	30.1	19.8	10.33
1924	11	4.5	27.4	11.2	6.55
1924	12	3	38.8	9.2	5.2
1925	1	2.8	39.5	8.9	5.02
1925	2	2.5	37.5	25.6	4.75
1925	3	0.4	29.4	17.3	2.86
1925	4	6.1	38.8	39.7	7.99
1925	5	11.9	27.4	62.4	13.21
1925	6	13.5	38.1	68.6	14.65
1925	7	17.6	35.4	65.3	18.34
1925	8	15.5	78.5	49.2	16.45
1925	9	11	77.2	26.9	12.4
1925	10	6.4	63	14.5	8.26
1925	11	1.6	44.9	7.6	3.94
1925	12	-1.2	44.2	5.2	1.42
1926	1	0.1	42.8	6.2	2.59
1926	2	-0.3	63.7	14.6	2.23
1926	3	1.9	31.4	23.2	4.21
1926	4	6.3	32.8	40.4	8.17
1926	5	9.6	48.2	53.4	11.14
1926	6	13.4	44.2	68.2	14.56
1926	7	17	39.5	60.2	17.8
1926	8	15.9	44.2	52	16.81
1926	9	12	69.8	30.8	13.3
1926	10	6	59	13.7	7.9
1926	11	5.3	50.9	12.5	7.27
1926	12	1.4	30.7	7.4	3.76
1927	1	1.8	61	7.8	4.12
1927	2	0.2	25.4	16.5	2.68
1927	3	4.3	39.5	32.6	6.37
1927	4	4.9	56.3	35	6.91
1927	5	7.6	33.4	45.5	9.34
1927	6	11.2	76.5	59.6	12.58
1927	7	16.6	79.2	57.1	17.44
1927	8	15.9	164.6	52	16.81
1927	9	12.2	48.9	31.6	13.48
1927	10	7.8	74.5	17.5	9.52
1927	11	2	39.5	8	4.3
1927	12	-2.8	32.1	4.2	-0.02
1928	1	0.1	32.1	6.2	2.59
1928	2	1.1	50.3	20.1	3.49
1928	3	0.9	22	19.3	3.31
1928	4	5	24	35.3	7
1928	5	9.1	48.9	51.4	10.69
1928	6	11.4	81.2	60.4	12.76
1928	7	14.5	37.5	43	15.55
1928	8	14.2	89.9	41.3	15.28
1928	9	11.5	26	28.8	12.85
1928	10	7.8	65.7	17.5	9.52
1928	11	5.7	108.8	13.2	7.63
1928	12	0.4	27.4	6.5	2.86
1929	1	-2.9	35.4	4.2	-0.11
1929	2	-6.5	21.3	0	-3.35
1929	3	1.3	28.7	20.9	3.67
1929	4	2.3	44.2	24.8	4.57
1929	5	10.6	34.1	57.3	12.04
1929	6	12.2	74.5	63.5	13.48
1929	7	14.6	40.8	43.6	15.64
1929	8	14.8	47.6	44.8	15.82
1929	9	12.8	42.8	34.3	14.02
1929	10	8.7	83.2	19.8	10.33
1929	11	5.2	53.6	12.3	7.18
1929	12	3.4	60.3	9.7	5.56
1930	1	2.4	31.4	8.5	4.66
1930	2	-0.6	24.7	13.4	1.96
1930	3	1.9	28	23.2	4.21
1930	4	6	32.1	39.3	7.9
1930	5	10.2	89.3	55.7	11.68
1930	6	15	40.2	74.5	16
1930	7	15.9	74.5	52	16.81
1930	8	15	55	46	16
1930	9	11.8	82.5	30	13.12
1930	10	8.6	65.1	19.5	10.24
1930	11	5.1	61.7	12.2	7.09
1930	12	1.9	22.7	7.9	4.21
1931	1	-0.1	73.1	6.1	2.41
1931	2	-1.2	34.1	11.1	1.42
1931	3	-1.4	32.8	10.3	1.24
1931	4	3.6	40.2	29.9	5.74
1931	5	12	37.5	62.8	13.3
1931	6	12.4	39.5	64.3	13.66
1931	7	15	108.8	46	16
1931	8	14.5	67.1	43	15.55
1931	9	10	65.1	23.5	11.5
1931	10	7	40.2	15.7	8.8
1931	11	5	24.7	12	7
1931	12	1.5	33.4	7.5	3.85
1932	1	2.2	32.8	8.3	4.48
1932	2	0	18.6	15.8	2.5
1932	3	0	25.4	15.8	2.5
1932	4	5.3	52.3	36.5	7.27
1932	5	11	50.3	58.8	12.4
1932	6	13.4	24.7	68.2	14.56
1932	7	17.3	87.9	62.7	18.07
1932	8	16.5	38.8	56.3	17.35
1932	9	12.3	97.3	32	13.57
1932	10	7.5	108.8	16.8	9.25
1932	11	4.5	28.7	11.2	6.55
1932	12	2.5	18.6	8.6	4.75
1933	1	-0.8	27.4	5.5	1.78
1933	2	-0.4	50.9	14.2	2.14
1933	3	2.9	37.5	27.1	5.11
1933	4	5.2	24.7	36.1	7.18
1933	5	10.1	41.5	55.3	11.59
1933	6	15.2	50.9	75.3	16.18
1933	7	16.7	64.4	57.8	17.53
1933	8	15.7	38.8	50.6	16.63
1933	9	12.7	28.7	33.8	13.93
1933	10	8.6	83.2	19.5	10.24
1933	11	3.5	26.7	9.8	5.65
1933	12	-0.4	22	5.8	2.14
1934	1	0.8	44.2	6.8	3.22
1934	2	2.3	32.1	24.8	4.57
1934	3	2.9	55	27.1	5.11
1934	4	6.9	26	42.8	8.71
1934	5	11.4	33.4	60.4	12.76
1934	6	14.1	35.4	71	15.19
1934	7	17.2	38.8	61.9	17.98
1934	8	15.5	56.3	49.2	16.45
1934	9	14.5	67.1	43	15.55
1934	10	9.4	92.6	21.7	10.96
1934	11	5.2	47.6	12.3	7.18
1934	12	4.4	38.8	11.1	6.46
1935	1	-0.5	30.7	5.7	2.05
1935	2	1.1	55	20.1	3.49
1935	3	2	25.4	23.6	4.3
1935	4	6.1	58.3	39.7	7.99
1935	5	9.1	41.5	51.4	10.69
1935	6	14.8	59	73.7	15.82
1935	7	16.1	44.9	53.4	16.99
1935	8	15.6	37.5	49.9	16.54
1935	9	12.3	84.6	32	13.57
1935	10	8.2	70.4	18.5	9.88
1935	11	5	42.2	12	7
1935	12	1.3	42.2	7.3	3.67
1936	1	1.9	47.6	7.9	4.21
1936	2	-1.7	41.5	9.1	0.97
1936	3	1.6	28.7	22	3.94
1936	4	4.3	61.7	32.6	6.37
1936	5	10.3	34.8	56.1	11.77
1936	6	15.7	20	77.3	16.63
1936	7	16.3	124.9	54.8	17.17
1936	8	15.3	42.8	47.9	16.27
1936	9	11.8	30.1	30	13.12
1936	10	6.3	50.3	14.3	8.17
1936	11	4.4	38.1	11.1	6.46
1936	12	2.7	27.4	8.8	4.93
1937	1	-1.1	31.4	5.3	1.51
1937	2	0	47.6	15.8	2.5
1937	3	0.3	69.8	16.9	2.77
1937	4	5.7	36.8	38.1	7.63
1937	5	11.4	72.5	60.4	12.76
1937	6	13.9	41.5	70.2	15.01
1937	7	16.5	48.2	56.3	17.35
1937	8	17.3	28	62.7	18.07
1937	9	12.9	48.2	34.7	14.11
1937	10	9.3	25.4	21.4	10.87
1937	11	3.2	41.5	9.4	5.38
1937	12	-0.3	67.7	5.9	2.23
1938	1	1.2	42.8	7.2	3.58
1938	2	1.1	21.3	20.1	3.49
1938	3	5.5	32.1	37.3	7.45
1938	4	5.7	16.6	38.1	7.63
1938	5	9.7	55.6	53.8	11.23
1938	6	13.4	46.9	68.2	14.56
1938	7	15.9	57.7	52	16.81
1938	8	17.2	38.1	61.9	17.98
1938	9	13.6	30.1	38.1	14.74
1938	10	9.1	52.3	20.8	10.69
1938	11	7	44.9	15.7	8.8
1938	12	0.5	35.4	6.6	2.95
1939	1	1	73.1	7	3.4
1939	2	2.4	32.8	25.2	4.66
1939	3	1.1	29.4	20.1	3.49
1939	4	5.8	44.9	38.5	7.72
1939	5	9.9	32.8	54.5	11.41
1939	6	15.2	34.8	75.3	16.18
1939	7	16.3	54.3	54.8	17.17
1939	8	17.6	50.3	65.3	18.34
1939	9	13.2	25.4	36.2	14.38
1939	10	5.7	40.2	13.2	7.63
1939	11	4.2	52.9	10.8	6.28
1939	12	0	48.9	6.1	2.5
1940	1	-4.7	27.4	3.3	-1.73
1940	2	-7.2	26.7	0	-3.98
1940	3	-1.1	57	11.5	1.51
1940	4	3.2	30.1	28.3	5.38
1940	5	10.2	33.4	55.7	11.68
1940	6	16	32.8	78.4	16.9
1940	7	15.8	62.4	51.3	16.72
1940	8	14	71.1	40.3	15.1
1940	9	10.3	67.7	24.5	11.77
1940	10	6.2	38.8	14.1	8.08
1940	11	4.6	47.6	11.4	6.64
1940	12	-0.5	44.2	5.7	2.05
1941	1	-6.3	27.4	2.6	-3.17
1941	2	-3.4	38.8	2.4	-0.56
1941	3	0.1	35.4	16.2	2.59
1941	4	3.1	24.7	27.9	5.29
1941	5	8.4	29.4	48.7	10.06
1941	6	14.6	35.4	72.9	15.64
1941	7	18.3	62.4	71.7	18.97
1941	8	14.5	74.5	43	15.55
1941	9	11.4	35.4	28.4	12.76
1941	10	6.9	71.8	15.5	8.71
1941	11	1.9	25.4	7.9	4.21
1941	12	1.6	49.6	7.6	3.94
1942	1	-6.9	28	2.4	-3.71
1942	2	-6.8	29.4	0	-3.62
1942	3	-4.6	32.1	0	-1.64
1942	4	4.7	34.8	34.2	6.73
1942	5	9.5	41.5	53	11.05
1942	6	12.1	63.7	63.2	13.39
1942	7	14.6	49.6	43.6	15.64
1942	8	16	69.8	52.7	16.9
1942	9	12.7	73.1	33.8	13.93
1942	10	8.8	57.7	20	10.42
1942	11	3.3	48.9	9.6	5.47
1942	12	2.3	52.3	8.4	4.57
1943	1	-1.4	69.8	5.1	1.24
1943	2	2.9	40.8	27.1	5.11
1943	3	3.4	21.3	29.1	5.56
1943	4	7.6	28.7	45.5	9.34
1943	5	11.3	23.3	60	12.67
1943	6	14.3	54.3	71.8	15.37
1943	7	16.4	44.2	55.6	17.26
1943	8	15.2	111.5	47.3	16.18
1943	9	12.6	54.3	33.4	13.84
1943	10	9.3	43.5	21.4	10.87
1943	11	3.6	45.5	10	5.74
1943	12	1.2	30.7	7.2	3.58
1944	1	2.1	53.6	8.1	4.39
1944	2	0.2	22.7	16.5	2.68
1944	3	0.7	38.1	18.5	3.13
1944	4	5	28.7	35.3	7
1944	5	9.2	51.6	51.8	10.78
1944	6	12.8	46.2	65.9	14.02
1944	7	17	34.8	60.2	17.8
1944	8	17.9	30.1	68	18.61
1944	9	12.1	79.2	31.2	13.39
1944	10	8.7	38.8	19.8	10.33
1944	11	3.8	67.7	10.2	5.92
1944	12	1.3	40.2	7.3	3.67
1945	1	-1.7	49.6	4.9	0.97
1945	2	1.2	49.6	20.5	3.58
1945	3	4	22.7	31.4	6.1
1945	4	6.8	31.4	42.4	8.62
1945	5	10.5	39.5	56.9	11.95
1945	6	14.2	82.5	71.4	15.28
1945	7	16.7	54.3	57.8	17.53
1945	8	16.4	96	55.6	17.26
1945	9	12.7	34.1	33.8	13.93
1945	10	8.9	58.3	20.3	10.51
1945	11	5	38.8	12	7
1945	12	1.4	65.1	7.4	3.76
1946	1	-0.6	38.8	5.7	1.96
1946	2	-0.1	50.9	15.4	2.41
1946	3	0.7	40.8	18.5	3.13
1946	4	7.1	30.7	43.6	8.89
1946	5	11	37.5	58.8	12.4
1946	6	12.7	104.1	65.5	13.93
1946	7	17.2	37.5	61.9	17.98
1946	8	15.1	41.5	46.7	16.09
1946	9	12.6	98	33.4	13.84
1946	10	6.3	30.7	14.3	8.17
1946	11	3.9	44.2	10.4	6.01
1946	12	0.2	28.7	6.3	2.68
1947	1	-3.1	23.3	4	-0.29
1947	2	-7.1	17.3	0	-3.89
1947	3	-2.7	59.7	5.2	0.07
1947	4	5.3	40.2	36.5	7.27
1947	5	12.3	25.4	63.9	13.57
1947	6	16.2	44.2	79.2	17.08
1947	7	16.7	56.3	57.8	17.53
1947	8	18.2	21.3	70.8	18.88
1947	9	14.4	36.8	42.5	15.46
1947	10	7.7	32.1	17.3	9.43
1947	11	4	81.2	10.5	6.1
1947	12	1.3	49.6	7.3	3.67
1948	1	0.3	83.2	6.4	2.77
1948	2	-0.5	40.2	13.8	2.05
1948	3	3	21.3	27.5	5.2
1948	4	7.7	30.1	45.9	9.43
1948	5	10.8	68.4	58.1	12.22
1948	6	14.6	31.4	72.9	15.64
1948	7	16	57.7	52.7	16.9
1948	8	15.8	52.3	51.3	16.72
1948	9	13	40.8	35.2	14.2
1948	10	7.7	46.2	17.3	9.43
1948	11	4	37.5	10.5	6.1
1948	12	2.4	30.1	8.5	4.66
1949	1	1.3	38.8	7.3	3.67
1949	2	2.1	38.8	24	4.39
1949	3	0.9	32.8	19.3	3.31
1949	4	6.7	59	42	8.53
1949	5	11.3	84.6	60	12.67
1949	6	13.9	32.1	70.2	15.01
1949	7	17.1	42.2	61	17.89
1949	8	14.9	36.1	45.4	15.91
1949	9	15.1	65.7	46.7	16.09
1949	10	10.1	29.4	23.8	11.59
1949	11	5.3	61	12.5	7.27
1949	12	3	57.7	9.2	5.2
1950	1	-1.5	44.9	5	1.15
1950	2	0.9	73.8	19.3	3.31
1950	3	3.3	30.1	28.7	5.47
1950	4	5.7	51.6	38.1	7.63
1950	5	12	36.8	62.8	13.3
1950	6	15.2	33.4	75.3	16.18
1950	7	15.8	75.1	51.3	16.72
1950	8	16.9	79.2	59.4	17.71
1950	9	12.4	49.6	32.5	13.66
1950	10	8.1	40.8	18.2	9.79
1950	11	3.9	77.2	10.4	6.01
1950	12	0.3	50.3	6.4	2.77
1951	1	0	76.5	6.1	2.5
1951	2	0.3	46.9	16.9	2.77
1951	3	-0.4	69.8	14.2	2.14
1951	4	5.5	42.2	37.3	7.45
1951	5	9.6	53.6	53.4	11.14
1951	6	14.4	48.2	72.2	15.46
1951	7	15.2	47.6	47.3	16.18
1951	8	15.7	58.3	50.6	16.63
1951	9	13.4	62.4	37.1	14.56
1951	10	8.3	15.9	18.7	9.97
1951	11	6.1	77.2	13.9	7.99
1951	12	3.7	40.2	10.1	5.83
1952	1	0.6	51.6	6.7	3.04
1952	2	0.6	37.5	18.1	3.04
1952	3	-0.3	33.4	14.6	2.23
1952	4	7.7	34.8	45.9	9.43
1952	5	10.5	36.1	56.9	11.95
1952	6	12.5	57.7	64.7	13.75
1952	7	14.9	51.6	45.4	15.91
1952	8	15.2	49.6	47.3	16.18
1952	9	10.2	62.4	24.2	11.68
1952	10	6.3	70.4	14.3	8.17
1952	11	2.1	59	8.1	4.39
1952	12	0.2	46.9	6.3	2.68
1953	1	-0.2	53.6	6	2.32
1953	2	-1.1	33.4	11.5	1.51
1953	3	3	22.7	27.5	5.2
1953	4	6.7	34.8	42	8.53
1953	5	11.3	48.2	60	12.67
1953	6	16.1	45.5	78.8	16.99
1953	7	16.3	57.7	54.8	17.17
1953	8	15.3	53.6	47.9	16.27
1953	9	12.1	32.8	31.2	13.39
1953	10	10	36.8	23.5	11.5
1953	11	6.2	50.3	14.1	8.08
1953	12	2.7	41.5	8.8	4.93
1954	1	-1.3	47.6	5.2	1.33
1954	2	-3.4	42.8	2.4	-0.56
1954	3	0.7	38.1	18.5	3.13
1954	4	4.6	38.8	33.8	6.64
1954	5	11.5	36.1	60.8	12.85
1954	6	14.7	59	73.3	15.73
1954	7	14	108.1	40.3	15.1
1954	8	14	85.2	40.3	15.1
1954	9	12	62.4	30.8	13.3
1954	10	8.5	87.3	19.2	10.15
1954	11	3.8	46.9	10.2	5.92
1954	12	3	87.3	9.2	5.2
1955	1	-1.2	38.8	5.2	1.42
1955	2	-3	26	4	-0.2
1955	3	-1.2	52.3	11.1	1.42
1955	4	4.5	34.8	33.4	6.55
1955	5	8.4	57	48.7	10.06
1955	6	12.4	45.5	64.3	13.66
1955	7	18.1	36.8	69.8	18.79
1955	8	18	29.4	68.9	18.7
1955	9	13.5	107.4	37.6	14.65
1955	10	8.3	66.4	18.7	9.97
1955	11	4.4	24.7	11.1	6.46
1955	12	1.3	90.6	7.3	3.67
1956	1	-0.4	57	5.8	2.14
1956	2	-6.1	30.7	0	-2.99
1956	3	0.6	28.7	18.1	3.04
1956	4	3.6	34.8	29.9	5.74
1956	5	10.7	49.6	57.7	12.13
1956	6	13.2	58.3	67.5	14.38
1956	7	16	36.1	52.7	16.9
1956	8	12.8	85.9	34.3	14.02
1956	9	12.1	47.6	31.2	13.39
1956	10	7.4	73.8	16.6	9.16
1956	11	2.2	37.5	8.3	4.48
1956	12	2.6	48.2	8.7	4.84
1957	1	1.5	42.2	7.5	3.85
1957	2	1.8	52.9	22.8	4.12
1957	3	2.3	38.8	24.8	4.57
1957	4	5.6	24	37.7	7.54
1957	5	9.2	33.4	51.8	10.78
1957	6	14.5	50.9	72.6	15.55
1957	7	16.4	67.1	55.6	17.26
1957	8	14.8	64.4	44.8	15.82
1957	9	10.4	67.7	24.8	11.86
1957	10	8.8	65.1	20	10.42
1957	11	4.6	44.9	11.4	6.64
1957	12	1.3	42.2	7.3	3.67
1958	1	-1	58.3	5.4	1.6
1958	2	-1.6	112.8	9.5	1.06
1958	3	-1.8	30.7	8.7	0.88
1958	4	3.8	62.4	30.6	5.92
1958	5	10.1	53.6	55.3	11.59
1958	6	13.3	32.8	67.9	14.47
1958	7	15.8	96.7	51.3	16.72
1958	8	14.5	97.3	43	15.55
1958	9	13.2	54.3	36.2	14.38
1958	10	9.5	44.9	22	11.05
1958	11	5.4	38.1	12.7	7.36
1958	12	2.2	53.6	8.3	4.48
1959	1	0.3	50.3	6.4	2.77
1959	2	0.6	18	18.1	3.04
1959	3	3.6	22	29.9	5.74
1959	4	6.8	92.6	42.4	8.62
1959	5	11.2	27.4	59.6	12.58
1959	6	14.8	30.7	73.7	15.82
1959	7	17.8	47.6	67.1	18.52
1959	8	17.1	71.1	61	17.89
1959	9	13.3	19.3	36.6	14.47
1959	10	9.2	46.9	21.1	10.78
1959	11	5.2	34.1	12.3	7.18
1959	12	2.3	60.3	8.4	4.57
1960	1	-1	59.7	5.4	1.6
1960	2	-1.4	52.3	10.3	1.24
1960	3	1.6	27.4	22	3.94
1960	4	5.3	38.1	36.5	7.27
1960	5	11.3	29.4	60	12.67
1960	6	15.4	48.2	76.1	16.36
1960	7	14.7	115.5	44.2	15.73
1960	8	15.3	96	47.9	16.27
1960	9	12.2	59.7	31.6	13.48
1960	10	7.7	64.4	17.3	9.43
1960	11	5.3	69.1	12.5	7.27
1960	12	2.4	92	8.5	4.66
1961	1	-0.1	30	6.1	2.41
1961	2	3.1	20	27.9	5.29
1961	3	5	36	35.3	7
1961	4	7.5	40	45.1	9.25
1961	5	10.9	30	58.5	12.31
1961	6	15	30	74.5	16
1961	7	14.9	200	45.4	15.91
1961	8	14.4	40	42.5	15.46
1961	9	13.8	140	39.2	14.92
1961	10	11.2	80	27.6	12.58
1961	11	4.2	80	10.8	6.28
1961	12	-0.4	50	5.8	2.14
1962	1	1.6	40	7.6	3.94
1962	2	1.3	40	20.9	3.67
1962	3	-0.5	30	13.8	2.05
1962	4	6.1	50	39.7	7.99
1962	5	8.8	70	50.2	10.42
1962	6	13	50	66.7	14.2
1962	7	14.3	50	41.9	15.37
1962	8	13.4	140	37.1	14.56
1962	9	11.4	60	28.4	12.76
1962	10	9.4	30	21.7	10.96
1962	11	3.6	30	10	5.74
1962	12	0	20	6.1	2.5
1963	1	-5.2	4	3.1	-2.18
1963	2	-4.9	10	0	-1.91
1963	3	-0.1	30	15.4	2.41
1963	4	5.1	30	35.7	7.09
1963	5	10.8	50	58.1	12.22
1963	6	15	60	74.5	16
1963	7	15.4	50	48.6	16.36
1963	8	15.1	160	46.7	16.09
1963	9	12.4	30	32.5	13.66
1963	10	9.1	60	20.8	10.69
1963	11	6.7	120	15.1	8.53
1963	12	-0.5	10	5.7	2.05
1964	1	0.8	20	6.8	3.22
1964	2	0.2	20	16.5	2.68
1964	3	-0.1	2	15.4	2.41
1964	4	7.2	40	44	8.98
1964	5	11.4	30	60.4	12.76
1964	6	13.4	120	68.2	14.56
1964	7	14.3	100	41.9	15.37
1964	8	14.6	40	43.6	15.64
1964	9	11.8	40	30	13.12
1964	10	7.8	70	17.5	9.52
1964	11	5	30	12	7
1964	12	1.3	50	7.3	3.67
1965	1	0.9	50	6.9	3.31
1965	2	-0.6	10	13.4	1.96
1965	3	0.8	20	18.9	3.22
1965	4	5.9	30	38.9	7.81
1965	5	9	30	51	10.6
1965	6	14.1	40	71	15.19
1965	7	13.9	60	39.7	15.01
1965	8	14.2	40	41.3	15.28
1965	9	13.3	60	36.6	14.47
1965	10	8.9	30	20.3	10.51
1965	11	1.1	30	7.1	3.49
1965	12	-0.4	110	5.8	2.14
1966	1	-3.1	40	4	-0.29
1966	2	-3.1	60	3.6	-0.29
1966	3	2.7	40	26.3	4.93
1966	4	3.2	20	28.3	5.38
1966	5	11.2	30	59.6	12.58
1966	6	15.5	48	76.5	16.45
1966	7	15.5	65	49.2	16.45
1966	8	14.5	70	43	15.55
1966	9	12.1	53	31.2	13.39
1966	10	8.9	72	20.3	10.51
1966	11	3.5	47	9.8	5.65
1966	12	1.2	48	7.2	3.58
1967	1	-0.5	60	5.7	2.05
1967	2	1.9	35	23.2	4.21
1967	3	4.9	50	35	6.91
1967	4	5.4	40	36.9	7.36
1967	5	10.4	60	56.5	11.86
1967	6	13.7	21	69.4	14.83
1967	7	16.1	90	53.4	16.99
1967	8	15.8	42	51.3	16.72
1967	9	13.3	99	36.6	14.47
1967	10	10	153	23.5	11.5
1967	11	5.9	48	13.6	7.81
1967	12	0.8	47	6.8	3.22
1968	1	-1.2	29	5.2	1.42
1968	2	-0.5	23	13.8	2.05
1968	3	3.8	41	30.6	5.92
1968	4	6.8	45	42.4	8.62
1968	5	9.4	35	52.6	10.96
1968	6	15.8	73	77.6	16.72
1968	7	15.2	147	47.3	16.18
1968	8	16.5	50	56.3	17.35
1968	9	13.4	42	37.1	14.56
1968	10	8.7	53	19.8	10.33
1968	11	3.9	62	10.4	6.01
1968	12	0	24	6.1	2.5
1969	1	0.4	57	6.5	2.86
1969	2	-3.3	22	2.8	-0.47
1969	3	-0.8	6	12.6	1.78
1969	4	5.5	38	37.3	7.45
1969	5	9.3	78	52.2	10.87
1969	6	15.3	26	75.7	16.27
1969	7	16.5	52	56.3	17.35
1969	8	17.3	22	62.7	18.07
1969	9	13.9	23	39.7	15.01
1969	10	10.2	24	24.2	11.68
1969	11	3.6	118	10	5.74
1969	12	-1.5	9	5	1.15
1970	1	-2.9	15	4.2	-0.11
1970	2	-4.7	31	0	-1.73
1970	3	0.1	46	16.2	2.59
1970	4	3	75	27.5	5.2
1970	5	10.8	19	58.1	12.22
1970	6	17.2	26	83.1	17.98
1970	7	14.9	72	45.4	15.91
1970	8	16	27	52.7	16.9
1970	9	11.6	71	29.2	12.94
1970	10	8.8	64	20	10.42
1970	11	4.4	90	11.1	6.46
1970	12	2.2	25	8.3	4.48
1971	1	0.8	29	6.8	3.22
1971	2	2.4	37	25.2	4.66
1971	3	0.7	29	18.5	3.13
1971	4	5.4	26	36.9	7.36
1971	5	11.4	34	60.4	12.76
1971	6	13.5	33	68.6	14.65
1971	7	16.1	62	53.4	16.99
1971	8	15.6	100	49.9	16.54
1971	9	12.2	46	31.6	13.48
1971	10	8.9	66	20.3	10.51
1971	11	4.2	67	10.8	6.28
1971	12	4.7	16	11.5	6.73
1972	1	-1.1	17	5.3	1.51
1972	2	0	14	15.8	2.5
1972	3	2.5	36	25.6	4.75
1972	4	6.2	42	40	8.08
1972	5	11	52	58.8	12.4
1972	6	13.7	84	69.4	14.83
1972	7	17.4	68	63.5	18.16
1972	8	15.3	36	47.9	16.27
1972	9	10.6	22	25.5	12.04
1972	10	7.7	17	17.3	9.43
1972	11	5.2	71	12.3	7.18
1972	12	3.8	75	10.2	5.92
1973	1	1.5	22	7.5	3.85
1973	2	2.6	42	25.9	4.84
1973	3	5.2	12	36.1	7.18
1973	4	5.2	30	36.1	7.18
1973	5	10.5	43	56.9	11.95
1973	6	14.8	24	73.7	15.82
1973	7	17.7	91	66.2	18.43
1973	8	15.5	48	49.2	16.45
1973	9	12.5	93	32.9	13.75
1973	10	6.3	24	14.3	8.17
1973	11	2.8	68	8.9	5.02
1973	12	1.2	56	7.2	3.58
1974	1	3	56	9.2	5.2
1974	2	3.2	25	28.3	5.38
1974	3	3.1	15	27.9	5.29
1974	4	4.9	15.3	35	6.91
1974	5	10.6	30	57.3	12.04
1974	6	14.6	25	72.9	15.64
1974	7	14.3	72	41.9	15.37
1974	8	15.3	34	47.9	16.27
1974	9	12.9	103	34.7	14.11
1974	10	6.5	69	14.7	8.35
1974	11	4.9	95	11.9	6.91
1974	12	4.2	105	10.8	6.28
1975	1	4.6	91	11.4	6.64
1975	2	1.3	8	20.9	3.67
1975	3	2.5	36	25.6	4.75
1975	4	5.2	45	36.1	7.18
1975	5	11.2	24	59.6	12.58
1975	6	14.2	26	71.4	15.28
1975	7	16.8	17	58.6	17.62
1975	8	19.1	27	79.8	19.69
1975	9	13.6	42	38.1	14.74
1975	10	8.9	40	20.3	10.51
1975	11	4.5	48	11.2	6.55
1975	12	4.1	27	10.7	6.19
1976	1	0.1	67	6.2	2.59
1976	2	0.3	6	16.9	2.77
1976	3	-0.1	18	15.4	2.41
1976	4	5.5	24	37.3	7.45
1976	5	10.9	48	58.5	12.31
1976	6	14.5	13	72.6	15.55
1976	7	17.9	30	68	18.61
1976	8	17.1	25	61	17.89
1976	9	11.6	54	29.2	12.94
1976	10	8.8	117	20	10.42
1976	11	4.8	47	11.7	6.82
1976	12	-0.6	62	5.7	1.96
1977	1	-1	48	5.4	1.6
1977	2	-1.4	48	10.3	1.24
1977	3	3.3	44	28.7	5.47
1977	4	4.2	66	32.2	6.28
1977	5	10.7	23	57.7	12.13
1977	6	14.7	37	73.3	15.73
1977	7	14.9	39	45.4	15.91
1977	8	15.2	13	47.3	16.18
1977	9	11.6	57	29.2	12.94
1977	10	10.1	72	23.8	11.59
1977	11	5.3	81	12.5	7.27
1977	12	2.7	75	8.8	4.93
1978	1	1.7	46	7.7	4.03
1978	2	-2.2	26	7.1	0.52
1978	3	1.9	87	23.2	4.21
1978	4	5	12	35.3	7
1978	5	11.6	10	61.2	12.94
1978	6	15.3	74	75.7	16.27
1978	7	15.1	39	46.7	16.09
1978	8	15.5	73	49.2	16.45
1978	9	11.4	118	28.4	12.76
1978	10	9.6	31	22.3	11.14
1978	11	7.4	82	16.6	9.16
1978	12	-0.9	36	5.4	1.69
1979	1	-3.8	37	3.7	-0.92
1979	2	-3.9	10	0.5	-1.01
1979	3	1.1	51	20.1	3.49
1979	4	5.1	49	35.7	7.09
1979	5	10.1	75	55.3	11.59
1979	6	14.3	67	71.8	15.37
1979	7	14.4	20	42.5	15.46
1979	8	14.9	81	45.4	15.91
1979	9	12.8	89	34.3	14.02
1979	10	8.1	47	18.2	9.79
1979	11	4.5	93	11.2	6.55
1979	12	1.6	87	7.6	3.94
1980	1	-1.8	20	4.8	0.88
1980	2	-1.9	25	8.3	0.79
1980	3	0.4	17	17.3	2.86
1980	4	6.3	15	40.4	8.17
1980	5	11.3	16	60	12.67
1980	6	15.3	117	75.7	16.27
1980	7	16.6	92	57.1	17.44
1980	8	15.6	106	49.9	16.54
1980	9	13.6	49	38.1	14.74
1980	10	7.7	97	17.3	9.43
1980	11	3.4	76	9.7	5.56
1980	12	2.6	74	8.7	4.84
1981	1	-0.5	49	5.7	2.05
1981	2	0.5	34	17.7	2.95
1981	3	2.2	77	24.4	4.48
1981	4	5.6	9	37.7	7.54
1981	5	12.5	66	64.7	13.75
1981	6	13.7	95	69.4	14.83
1981	7	15.7	82	50.6	16.63
1981	8	15.4	44	48.6	16.36
1981	9	13.3	51	36.6	14.47
1981	10	7.2	84	16.2	8.98
1981	11	4.4	94	11.1	6.46
1981	12	-5	45	3.1	-2
1982	1	-3.1	52.3	4	-0.29
1982	2	-1.1	8	11.5	1.51
1982	3	3.1	31	27.9	5.29
1982	4	5.9	13	38.9	7.81
1982	5	10.2	81	55.7	11.68
1982	6	13.9	63	70.2	15.01
1982	7	16.8	38	58.6	17.62
1982	8	16.3	75	54.8	17.17
1982	9	12.9	58	34.7	14.11
1982	10	9.5	86	22	11.05
1982	11	5.8	54	13.4	7.72
1982	12	1.9	63	7.9	4.21
1983	1	4.2	63	10.8	6.28
1983	2	-1.5	16	9.9	1.15
1983	3	3.1	57	27.9	5.29
1983	4	6.1	65	39.7	7.99
1983	5	9.7	120	53.8	11.23
1983	6	13.9	23	70.2	15.01
1983	7	16.7	25	57.8	17.53
1983	8	16.1	14	53.4	16.99
1983	9	12.4	129	32.5	13.66
1983	10	8.9	85	20.3	10.51
1983	11	3.7	29	10.1	5.83
1983	12	1.4	35	7.4	3.76
1984	1	-0.1	71	6.1	2.41
1984	2	-0.1	27	15.4	2.41
1984	3	0.6	12	18.1	3.04
1984	4	6.3	9	40.4	8.17
1984	5	11.3	37	60	12.67
1984	6	13.6	75	69	14.74
1984	7	15.3	22	47.9	16.27
1984	8	16.3	65	54.8	17.17
1984	9	11	87	26.9	12.4
1984	10	10.3	123	24.5	11.77
1984	11	5.8	51	13.4	7.72
1984	12	2.6	37	8.7	4.84
1985	1	-6.3	32	2.6	-3.17
1985	2	-5	11	0	-2
1985	3	0.6	30	18.1	3.04
1985	4	4.1	54	31.8	6.19
1985	5	11	27	58.8	12.4
1985	6	12.8	68	65.9	14.02
1985	7	15.5	44	49.2	16.45
1985	8	14.8	83	44.8	15.82
1985	9	11.1	91	27.3	12.49
1985	10	9.5	26	22	11.05
1985	11	1.1	47	7.1	3.49
1985	12	1.1	107	7.1	3.49
1986	1	-2.6	50	4.3	0.16
1986	2	-5.6	2	0	-2.54
1986	3	1.1	52	20.1	3.49
1986	4	3.8	14	30.6	5.92
1986	5	10.8	56	58.1	12.22
1986	6	14.5	18	72.6	15.55
1986	7	15.3	30	47.9	16.27
1986	8	14.3	100	41.9	15.37
1986	9	10	22	23.5	11.5
1986	10	8.6	50	19.5	10.24
1986	11	6.5	52	14.7	8.35
1986	12	1.8	48	7.8	4.12
1987	1	-5.3	15	3	-2.27
1987	2	-0.1	28	15.4	2.41
1987	3	-2.8	33	4.8	-0.02
1987	4	6.1	26	39.7	7.99
1987	5	9.1	17	51.4	10.69
1987	6	11.3	84	60	12.67
1987	7	14.8	87	44.8	15.82
1987	8	13.8	60	39.2	14.92
1987	9	11.5	57	28.8	12.85
1987	10	9.1	89	20.8	10.69
1987	11	4.8	60	11.7	6.82
1987	12	2.3	45	8.4	4.57
1988	1	3	97	9.2	5.2
1988	2	2	64	23.6	4.3
1988	3	1.1	48	20.1	3.49
1988	4	4.8	23	34.6	6.82
1988	5	12.1	35	63.2	13.39
1988	6	16.6	23	80.8	17.44
1988	7	16.1	27	53.4	16.99
1988	8	15.1	95	46.7	16.09
1988	9	13	74	35.2	14.2
1988	10	8	61	18	9.7
1988	11	3	40	9.2	5.2
1988	12	3.3	46	9.6	5.47
1989	1	5.1	18	12.2	7.09
1989	2	4.5	57	33.4	6.55
1989	3	5.3	63	36.5	7.27
1989	4	5.8	26	38.5	7.72
1989	5	11.3	30	60	12.67
1989	6	14.3	39	71.8	15.37
1989	7	16.8	31	58.6	17.62
1989	8	14.8	34	44.8	15.82
1989	9	12.8	23	34.3	14.02
1989	10	9.8	81	22.9	11.32
1989	11	4.3	14	10.9	6.37
1989	12	2.1	32	8.1	4.39
1990	1	3.8	64	10.2	5.92
1990	2	5.8	80	38.5	7.72
1990	3	6.3	30	40.4	8.17
1990	4	8	35	47.1	9.7
1990	5	12.3	45	63.9	13.57
1990	6	14.8	33	73.7	15.82
1990	7	16.5	47	56.3	17.35
1990	8	17.1	60.1	61	17.89
1990	9	11.6	65	29.2	12.94
1990	10	9.3	73	21.4	10.87
1990	11	9.3	62.9	21.4	10.87
1990	12	1.3	50.5	7.3	3.67
1991	1	-0.4	46.6	5.8	2.14
1991	2	-2.7	35.1	5.2	0.07
1991	3	5.6	38.9	37.7	7.54
1991	4	5.6	48.3	37.7	7.54
1991	5	9.4	29.2	52.6	10.96
1991	6	11.1	70.5	59.2	12.49
1991	7	17.7	60.5	66.2	18.43
1991	8	17.4	38.4	63.5	18.16
1991	9	14.4	56.6	42.5	15.46
1991	10	8.6	49.9	19.5	10.24
1991	11	4.2	56.4	10.8	6.28
1991	12	1.4	28.2	7.4	3.76
1992	1	0.2	29.7	6.3	2.68
1992	2	2.4	29	25.2	4.66
1992	3	5.1	42	35.7	7.09
1992	4	6.7	51.1	42	8.53
1992	5	13	42.3	66.7	14.2
1992	6	15.6	46.5	76.9	16.54
1992	7	16.3	65.6	54.8	17.17
1992	8	15.2	81.9	47.3	16.18
1992	9	12.7	71.7	33.8	13.93
1992	10	5.4	57.7	12.7	7.36
1992	11	5	74.5	12	7
1992	12	0	41.6	6.1	2.5
1993	1	3.1	49.5	9.3	5.29
1993	2	1.3	19.9	20.9	3.67
1993	3	4	24.4	31.4	6.1
1993	4	7.6	58.7	45.5	9.34
1993	5	10.1	54.8	55.3	11.59
1993	6	14.8	60.7	73.7	15.82
1993	7	15.1	61.6	46.7	16.09
1993	8	14.2	52.6	41.3	15.28
1993	9	11.4	80.9	28.4	12.76
1993	10	6.4	64.7	14.5	8.26
1993	11	1.3	51.5	7.3	3.67
1993	12	2.5	66.2	8.6	4.75
1994	1	2.2	55.7	8.3	4.48
1994	2	-0.5	44.1	13.8	2.05
1994	3	5.3	41.6	36.5	7.27
1994	4	5.8	49.9	38.5	7.72
1994	5	9.3	48.9	52.2	10.87
1994	6	14.1	42.3	71	15.19
1994	7	18.7	47.3	75.7	19.33
1994	8	16	59.4	52.7	16.9
1994	9	11.8	75.9	30	13.12
1994	10	8.6	61.6	19.5	10.24
1994	11	8.5	54.5	19.2	10.15
1994	12	3.6	58.3	10	5.74
1995	1	1.6	68.6	7.6	3.94
1995	2	3.8	51	30.6	5.92
1995	3	2.7	36.5	26.3	4.93
1995	4	7.2	34.4	44	8.98
1995	5	10.4	40.4	56.5	11.86
1995	6	13.8	38.6	69.8	14.92
1995	7	19.5	44.4	84.3	20.05
1995	8	20.2	33.2	92.6	20.68
1995	9	13.1	83.9	35.7	14.29
1995	10	12	41.3	30.8	13.3
1995	11	5.3	54.6	12.5	7.27
1995	12	-1.6	48.8	5	1.06
1996	1	1	35.5	7	3.4
1996	2	-1.3	41.5	10.7	1.33
1996	3	1.3	29	20.9	3.67
1996	4	6.4	41	40.8	8.26
1996	5	7.2	43.9	44	8.98
1996	6	14	40.5	70.6	15.1
1996	7	16.7	45.9	57.8	17.53
1996	8	16.7	62.7	57.8	17.53
1996	9	13	42	35.2	14.2
1996	10	10.5	52.9	25.2	11.95
1996	11	3.1	70.9	9.3	5.29
1996	12	-0.8	33.4	5.5	1.78
1997	1	-1.3	19.7	5.2	1.33
1997	2	4	46.8	31.4	6.1
1997	3	6.2	23.6	40	8.08
1997	4	7.1	32.6	43.6	8.89
1997	5	10.2	48.8	55.7	11.68
1997	6	13.6	83.7	69	14.74
1997	7	17	50.7	60.2	17.8
1997	8	19.8	70.9	87.7	20.32
1997	9	13.7	40.6	38.7	14.83
1997	10	8.6	50.3	19.5	10.24
1997	11	6.2	67.7	14.1	8.08
1997	12	2.9	49.7	9.1	5.11
1998	1	2.1	54.5	8.1	4.39
1998	2	4.9	21	35	6.91
1998	3	5.6	43.5	37.7	7.54
1998	4	5.3	70.9	36.5	7.27
1998	5	12.3	36.4	63.9	13.57
1998	6	13.7	78.9	69.4	14.83
1998	7	15.4	51.9	48.6	16.36
1998	8	15.9	48	52	16.81
1998	9	14.7	71.3	44.2	15.73
1998	10	9.1	78.8	20.8	10.69
1998	11	3.4	55.3	9.7	5.56
1998	12	2.5	46.4	8.6	4.75
1999	1	2.5	56.6	8.6	4.75
1999	2	2.2	30.7	24.4	4.48
1999	3	5	37.4	35.3	7
1999	4	7.5	50.9	45.1	9.25
1999	5	12	43.5	62.8	13.3
1999	6	13.4	65.9	68.2	14.56
1999	7	18.2	39	70.8	18.88
1999	8	16.2	77.2	54.1	17.08
1999	9	15.5	79.2	49.2	16.45
1999	10	9.3	54.6	21.4	10.87
1999	11	5.6	47.7	13	7.54
1999	12	1.8	61.5	7.8	4.12
