Year	Month	Temp	Prec	Evap	Soiltemp
1766	1	0.5	14.5	3.5	2.95
1766	2	1.4	53.9	7.8	3.76
1766	3	3.8	42.2	21.5	5.92
1766	4	7.4	50.2	42.9	9.16
1766	5	8.9	80	51.7	10.51
1766	6	12.7	101.6	73.6	13.93
1766	7	14.5	95.9	77	15.55
1766	8	15.4	47.8	92.6	16.36
1766	9	12.3	59.7	47	13.57
1766	10	8.5	57.2	20.7	10.15
1766	11	6.6	59.4	13.4	8.44
1766	12	2.9	54.1	6	5.11
1767	1	-0.1	70.3	3.1	2.41
1767	2	4.9	84.6	28.1	6.91
1767	3	4.2	55.3	24.3	6.28
1767	4	6.7	36.3	38.5	8.53
1767	5	9.2	64.9	53.3	10.78
1767	6	11.8	55.1	68.6	13.12
1767	7	13.3	131	59	14.47
1767	8	14.9	76	83.6	15.91
1767	9	13	67.2	55.4	14.2
1767	10	8.5	77	20.3	10.15
1767	11	6.3	58.2	12.6	8.17
1767	12	2.9	30.4	6	5.11
1768	1	0.6	80.7	3.6	3.04
1768	2	4.3	93.3	24.8	6.37
1768	3	4.2	19.8	24.3	6.28
1768	4	7.4	65.8	42.9	9.16
1768	5	11.3	40.9	65.4	12.67
1768	6	12.9	131.5	74.7	14.11
1768	7	14.4	111.2	75.4	15.46
1768	8	14.8	88.3	81.9	15.82
1768	9	10.8	122.5	33.9	12.22
1768	10	8.5	87.2	20.3	10.15
1768	11	5.1	101.8	9.7	7.09
1768	12	4.1	77.2	7.9	6.19
1769	1	2.2	58.9	5.1	4.48
1769	2	2.4	63	13.3	4.66
1769	3	4.5	37.3	25.9	6.55
1769	4	7.1	40.8	41.2	8.89
1769	5	10.4	58.2	60.4	11.86
1769	6	12.1	111.9	70.3	13.39
1769	7	15.2	62	88.9	16.18
1769	8	13.9	93.7	66.7	15.01
1769	9	11.8	120	42.5	13.12
1769	10	7.5	44.1	16.5	9.25
1769	11	5.2	69.1	9.9	7.18
1769	12	4.3	63	8.2	6.37
1770	1	3.3	45	6.6	5.47
1770	2	4.1	47.5	23.7	6.19
1770	3	2.2	60.9	12.2	4.48
1770	4	4.9	59.4	28.1	6.91
1770	5	9.2	52	53.3	10.78
1770	6	12.1	108.3	70.3	13.39
1770	7	14.2	66.6	70.9	15.28
1770	8	14.6	58.8	78.6	15.64
1770	9	12.9	83.9	53.2	14.11
1770	10	8.2	84.9	19.1	9.88
1770	11	4.8	138.7	9.1	6.82
1770	12	3.2	85.6	6.4	5.38
1771	1	0.8	55.2	3.8	3.22
1771	2	2.8	32.4	16	5.02
1771	3	2.7	41	15.5	4.93
1771	4	5	31.5	28.6	7
1771	5	11.3	44.3	65.4	12.67
1771	6	13.2	51.5	76.9	14.38
1771	7	14.5	57.3	77	15.55
1771	8	13.2	104.9	57.8	14.38
1771	9	11.3	67.7	37.5	12.67
1771	10	8.5	98.8	20.3	10.15
1771	11	5.7	43	11.2	7.63
1771	12	5.1	76.9	9.7	7.09
1772	1	1	61.7	3.9	3.4
1772	2	1.6	71.9	8.9	3.94
1772	3	4	67.7	22.6	6.1
1772	4	5.8	48.7	33.6	7.72
1772	5	9.3	45.3	53.9	10.87
1772	6	14.9	77.8	86.7	15.91
1772	7	15.7	65.7	98.5	16.63
1772	8	14.9	75.7	83.6	15.91
1772	9	12	126.1	44.2	13.3
1772	10	10.8	76	33.9	12.22
1772	11	6.6	111.2	13.4	8.44
1772	12	4.3	38.4	8.2	6.37
1773	1	3.6	55.2	7	5.74
1773	2	2.3	57.5	12.7	4.57
1773	3	5.9	24.3	34.1	7.81
1773	4	7.6	46.1	44	9.34
1773	5	9.5	107.7	54.9	11.05
1773	6	13.6	68.5	79.1	14.74
1773	7	14.7	47.2	80.2	15.73
1773	8	15.9	82.2	104.8	16.81
1773	9	11.4	126.1	39.1	12.76
1773	10	9.1	82.7	23.4	10.69
1773	11	4.8	90.7	9.1	6.82
1773	12	3.4	75.7	6.7	5.56
1774	1	0.4	78.3	3.5	2.86
1774	2	3.9	76.6	22.1	6.01
1774	3	5.8	65.8	33.6	7.72
1774	4	7.9	45.7	45.6	9.61
1774	5	10	59.4	58.2	11.5
1774	6	13.6	73.7	79.1	14.74
1774	7	14.9	90.2	83.6	15.91
1774	8	14.9	87.8	83.6	15.91
1774	9	11.5	140.8	39.9	12.85
1774	10	9.5	37.6	25.4	11.05
1774	11	4.3	42.3	8.2	6.37
1774	12	3.1	52.3	6.3	5.29
1775	1	4.1	60.3	7.9	6.19
1775	2	5.6	74.4	31.9	7.54
1775	3	5.5	52.4	31.4	7.45
1775	4	9	30.7	52.2	10.6
1775	5	11.6	25.4	67.6	12.94
1775	6	15.4	54	89.5	16.36
1775	7	15.5	138.9	94.6	16.45
1775	8	14.6	126.9	78.6	15.64
1775	9	13.2	117.7	57.8	14.38
1775	10	8.5	84.3	20.7	10.15
1775	11	4.3	68.2	8.2	6.37
1775	12	4.1	35.7	7.7	6.19
1776	1	-1.7	44.3	2.2	0.97
1776	2	3.4	83.5	19.3	5.56
1776	3	5.8	43.6	33.6	7.72
1776	4	8.6	25.9	50	10.24
1776	5	10	41	57.7	11.5
1776	6	13	75.7	75.8	14.2
1776	7	15.1	81.7	87.1	16.09
1776	8	14.1	122	69.5	15.19
1776	9	11.9	94.4	43.3	13.21
1776	10	9.4	43.1	24.9	10.96
1776	11	5.6	59.9	10.9	7.54
1776	12	4	39.3	7.6	6.1
1777	1	1.6	36.9	4.5	3.94
1777	2	2	39.5	11.1	4.3
1777	3	6.2	48.5	35.8	8.08
1777	4	6.6	56	38	8.44
1777	5	10.8	69.4	62.6	12.22
1777	6	12.6	97.6	73	13.84
1777	7	14.2	107.2	70.9	15.28
1777	8	14.7	72.1	80.2	15.73
1777	9	13.5	40.7	61.4	14.65
1777	10	9.4	103.2	24.9	10.96
1777	11	6.3	47	12.6	8.17
1777	12	2.3	35.2	5.2	4.57
1778	1	1.6	60.7	4.5	3.94
1778	2	2.8	31.2	16	5.02
1778	3	4.1	40.7	23.7	6.19
1778	4	7.5	26.3	43.4	9.25
1778	5	9.8	55.6	56.6	11.32
1778	6	14.3	75.7	82.9	15.37
1778	7	16	116.9	107	16.9
1778	8	15.6	34.3	96.5	16.54
1778	9	11.3	65.2	37.5	12.67
1778	10	6.8	91.4	14	8.62
1778	11	6.1	88.8	12.1	7.99
1778	12	5.6	79.8	10.7	7.54
1779	1	2.6	21.4	5.6	4.84
1779	2	7.2	20.2	41.8	8.98
1779	3	7.2	21.6	41.8	8.98
1779	4	8.6	54.2	50	10.24
1779	5	11	62.9	63.7	12.4
1779	6	13.3	76.9	77.4	14.47
1779	7	16.6	132	121	17.44
1779	8	16.3	59.5	113.8	17.17
1779	9	14.1	94.8	69.5	15.19
1779	10	10	79	28.7	11.5
1779	11	5.2	60.7	9.9	7.18
1779	12	2.7	103	5.8	4.93
1780	1	-1	31.9	2.5	1.6
1780	2	1.8	34.8	10	4.12
1780	3	7.2	45.7	41.8	8.98
1780	4	5.7	73.8	33	7.63
1780	5	11.8	43.7	68.6	13.12
1780	6	13.1	55.5	76.3	14.29
1780	7	15.6	57.9	96.5	16.54
1780	8	16.3	37.4	113.8	17.17
1780	9	14.4	109.6	75.4	15.46
1780	10	8.4	81.6	19.9	10.06
1780	11	4	51.2	7.6	6.1
1780	12	2.8	18.7	5.9	5.02
1781	1	1.8	50.3	4.7	4.12
1781	2	4.3	65.6	24.8	6.37
1781	3	6	15.3	34.7	7.9
1781	4	8.5	46.9	48.9	10.15
1781	5	11.2	36.9	64.8	12.58
1781	6	15	72.9	87.3	16
1781	7	16.1	57	109.2	16.99
1781	8	16	76.4	107	16.9
1781	9	13.1	84.6	56.6	14.29
1781	10	9.8	17.3	27	11.32
1781	11	5.9	88.4	11.6	7.81
1781	12	4.9	57.7	9.3	6.91
1782	1	4.7	74.4	8.9	6.73
1782	2	1.6	28.7	8.9	3.94
1782	3	3.7	63.3	21	5.83
1782	4	4.7	99.6	27	6.73
1782	5	8.3	101.7	47.8	9.97
1782	6	13.8	60.8	80.2	14.92
1782	7	14.4	118.6	75.4	15.46
1782	8	13.1	133.1	56.6	14.29
1782	9	12.3	115.9	47	13.57
1782	10	7	56.7	14.6	8.8
1782	11	2	39.8	4.9	4.3
1782	12	2.5	36.3	5.4	4.75
1783	1	3	72	6.2	5.2
1783	2	2.9	73	16.6	5.11
1783	3	2.9	46.7	16.6	5.11
1783	4	9.3	21.3	53.9	10.87
1783	5	9.6	64.8	55.5	11.14
1783	6	13.7	88.3	79.6	14.83
1783	7	17.4	62.6	145.6	18.16
1783	8	14.6	77	78.6	15.64
1783	9	11.8	113.9	42.5	13.12
1783	10	9	43.4	22.9	10.6
1783	11	5.6	50.6	10.9	7.54
1783	12	2.4	26.8	5.3	4.66
1784	1	-0.7	52.2	2.7	1.87
1784	2	1.2	39.7	6.2	3.58
1784	3	2.4	54.6	13.3	4.66
1784	4	5.2	63.2	29.7	7.18
1784	5	12.5	49.5	72.5	13.75
1784	6	12.7	109.9	73.6	13.93
1784	7	14.1	93.6	69.5	15.19
1784	8	12.9	75.6	54.3	14.11
1784	9	13.7	50.2	64	14.83
1784	10	7.1	21.6	15.2	8.89
1784	11	5	68.7	9.5	7
1784	12	0.1	45	3.3	2.59
1785	1	3	43.5	6.2	5.2
1785	2	0.2	33.8	0.7	2.68
1785	3	1	23.6	5.1	3.4
1785	4	7.7	18.1	44.5	9.43
1785	5	11.4	28.1	65.9	12.76
1785	6	14.9	53.3	86.7	15.91
1785	7	14.9	65.9	83.6	15.91
1785	8	12.9	109.4	53.2	14.11
1785	9	12.6	98.5	50	13.84
1785	10	8	74.5	18.3	9.7
1785	11	5.1	54.3	9.7	7.09
1785	12	2.5	62.8	5.4	4.75
1786	1	2.4	86.7	5.3	4.66
1786	2	3	31.9	17.1	5.2
1786	3	1.8	34.9	10	4.12
1786	4	7.4	33.6	42.9	9.16
1786	5	10.3	57.7	59.9	11.77
1786	6	14.9	64.9	86.7	15.91
1786	7	13.9	46.3	66.7	15.01
1786	8	14	84.9	68.1	15.1
1786	9	10.8	101.5	33.9	12.22
1786	10	6.9	80.6	14.3	8.71
1786	11	2.9	71.9	6	5.11
1786	12	2.5	73	5.4	4.75
1787	1	3.2	24.4	6.4	5.38
1787	2	5.4	52.9	30.8	7.36
1787	3	6.2	70.9	35.8	8.08
1787	4	6.8	34.5	39.1	8.62
1787	5	10.6	43.3	61.5	12.04
1787	6	12.9	56.8	74.7	14.11
1787	7	14.6	136.3	78.6	15.64
1787	8	14.4	66.3	75.4	15.46
1787	9	11.8	65.6	42.5	13.12
1787	10	9	95.9	22.9	10.6
1787	11	4.1	63.3	7.7	6.19
1787	12	3.4	80.7	6.7	5.56
1788	1	3.5	40.7	6.8	5.65
1788	2	3.4	56.7	19.3	5.56
1788	3	3.2	36.6	18.2	5.38
1788	4	8.6	30.6	50	10.24
1788	5	12.8	39.3	74.1	14.02
1788	6	14.3	63.9	82.9	15.37
1788	7	14.6	80.7	78.6	15.64
1788	8	14.6	85.8	78.6	15.64
1788	9	12.4	83.2	48	13.66
1788	10	9	33.1	22.9	10.6
1788	11	5.6	27.6	10.7	7.54
1788	12	-0.4	17.3	2.9	2.14
1789	1	1.2	78.5	4.2	3.58
1789	2	4.5	70.1	25.9	6.55
1789	3	1.8	47.1	10	4.12
1789	4	6.8	44	39.1	8.62
1789	5	11.5	70.6	67	12.85
1789	6	12.9	115.8	75.2	14.11
1789	7	14.3	115.8	72.4	15.37
1789	8	15.4	48.9	92.6	16.36
1789	9	12.1	92.8	45.2	13.39
1789	10	7.9	94.3	17.9	9.61
1789	11	4.1	62.4	7.9	6.19
1789	12	5.6	79.5	10.7	7.54
1790	1	3.9	57.7	7.4	6.01
1790	2	6	24.9	34.7	7.9
1790	3	5.8	22.3	33.6	7.72
1790	4	5.6	46.1	31.9	7.54
1790	5	11	70.9	63.7	12.4
1790	6	13.5	65.1	78.5	14.65
1790	7	13.8	90.5	65.3	14.92
1790	8	14.4	77.9	75.4	15.46
1790	9	11.3	64.4	37.5	12.67
1790	10	9.5	47.7	25.4	11.05
1790	11	5.6	88.8	10.7	7.54
1790	12	3.9	91	7.4	6.01
1791	1	3.9	89.7	7.4	6.01
1791	2	4.2	56.4	24.3	6.28
1791	3	5.9	31.1	34.1	7.81
1791	4	8.8	54.9	51.1	10.42
1791	5	9.8	35.6	56.6	11.32
1791	6	13.6	46.3	79.1	14.74
1791	7	14.2	95	70.9	15.28
1791	8	14.7	79.4	80.2	15.73
1791	9	12.8	48.2	52.1	14.02
1791	10	8.2	78	19.1	9.88
1791	11	5.4	106.5	10.3	7.36
1791	12	0.9	66.9	3.8	3.31
1792	1	2	59.4	4.9	4.3
1792	2	4.1	39.6	23.2	6.19
1792	3	5.4	65.6	30.8	7.36
1792	4	9.2	73.5	53.3	10.78
1792	5	9.4	66.5	54.4	10.96
1792	6	12.2	82.8	70.8	13.48
1792	7	14.2	105.3	70.9	15.28
1792	8	15.7	107.1	98.5	16.63
1792	9	10.9	133.6	34.6	12.31
1792	10	8.1	74	18.7	9.79
1792	11	6.5	41.7	13.2	8.35
1792	12	3.9	84.5	7.4	6.01
1793	1	2.5	53.8	5.4	4.75
1793	2	4.1	48.8	23.7	6.19
1793	3	3.8	58.7	21.5	5.92
1793	4	5.6	51.2	32.5	7.54
1793	5	10	30.2	58.2	11.5
1793	6	12.5	48	72.5	13.75
1793	7	16.3	45.5	113.8	17.17
1793	8	13.9	94.4	66.7	15.01
1793	9	10.8	93.1	33.9	12.22
1793	10	10.4	45.2	31.2	11.86
1793	11	5.5	64.9	10.5	7.45
1793	12	4.8	60.6	9.1	6.82
1794	1	1.5	33.2	4.4	3.85
1794	2	6.6	53.4	38	8.44
1794	3	6.4	49.5	36.9	8.26
1794	4	9.4	56.3	54.4	10.96
1794	5	10.4	44.6	60.4	11.86
1794	6	14.5	33.1	84.5	15.55
1794	7	16.8	71.9	126.1	17.62
1794	8	14.3	80	73.9	15.37
1794	9	11.5	109.9	39.9	12.85
1794	10	8.8	92.8	22	10.42
1794	11	5.6	93.5	10.7	7.54
1794	12	3.3	52.9	6.6	5.47
1795	1	-3.1	28.9	1.6	-0.29
1795	2	0.6	59.4	2.9	3.04
1795	3	3.5	62.4	19.9	5.65
1795	4	7	54.8	40.7	8.8
1795	5	10	21.6	58.2	11.5
1795	6	12.2	96	70.8	13.48
1795	7	14.1	59.5	69.5	15.19
1795	8	15.4	81	92.6	16.36
1795	9	14.8	28.7	81.9	15.82
1795	10	10.8	121.2	33.9	12.22
1795	11	4.1	79.1	7.7	6.19
1795	12	6	63.1	11.9	7.9
1796	1	6.7	85.2	13.7	8.53
1796	2	4.2	56.7	24.3	6.28
1796	3	3.8	22.8	21.5	5.92
1796	4	9.4	28.9	54.4	10.96
1796	5	9.5	81.5	54.9	11.05
1796	6	12.9	62.1	74.7	14.11
1796	7	13.6	121.3	62.7	14.74
1796	8	14.7	49.2	80.2	15.73
1796	9	13.5	66	61.4	14.65
1796	10	7.4	64.8	16.2	9.16
1796	11	4.1	55.2	7.9	6.19
1796	12	-0.4	57.9	2.9	2.14
1797	1	3.1	55.8	6.3	5.29
1797	2	4.1	21.4	23.7	6.19
1797	3	3.9	37.4	22.1	6.01
1797	4	6.8	55.1	39.1	8.62
1797	5	10.4	80.9	60.4	11.86
1797	6	12.6	121.1	73	13.84
1797	7	16	79.1	107	16.9
1797	8	14.6	105.9	78.6	15.64
1797	9	11.5	159.3	39.9	12.85
1797	10	7.5	55	16.5	9.25
1797	11	4.2	65.3	8	6.28
1797	12	4.3	86.8	8.2	6.37
1798	1	3.2	57.5	6.4	5.38
1798	2	3.6	39.9	20.4	5.74
1798	3	4.6	32.4	26.4	6.64
1798	4	9.6	47.3	55.5	11.14
1798	5	11.9	41.8	69.2	13.21
1798	6	15.7	42.4	91.1	16.63
1798	7	15.1	132.1	87.1	16.09
1798	8	15.2	78.6	88.9	16.18
1798	9	12.6	91.4	50	13.84
1798	10	9.1	85	23.4	10.69
1798	11	4.2	71.6	8	6.28
1798	12	1.2	43	4.2	3.58
1799	1	1.4	52.7	4.3	3.76
1799	2	2.5	71.6	13.8	4.75
1799	3	3	37.3	17.1	5.2
1799	4	4.9	62.8	28.1	6.91
1799	5	8.8	48.4	51.1	10.42
1799	6	13	36.9	75.8	14.2
1799	7	14.1	100.9	69.5	15.19
1799	8	13.3	164.4	59	14.47
1799	9	11.9	160.3	43.3	13.21
1799	10	7.6	82.4	16.9	9.34
1799	11	5.1	73.9	9.7	7.09
1799	12	1.1	23.7	4	3.49
1800	1	2.5	86.1	5.4	4.75
1800	2	1.9	24.6	10.6	4.21
1800	3	3.6	43.8	20.4	5.74
1800	4	8.5	77	49.5	10.15
1800	5	11.4	59.4	65.9	12.76
1800	6	12.9	39.2	74.7	14.11
1800	7	16.4	25.9	116.1	17.26
1800	8	15.6	61.1	96.5	16.54
1800	9	12.9	103.9	53.2	14.11
1800	10	8.5	71	20.3	10.15
1800	11	4.9	103.9	9.3	6.91
1800	12	2.9	69.2	6	5.11
1801	1	4.1	58.6	7.9	6.19
1801	2	4.3	64.1	24.8	6.37
1801	3	6.1	65.3	35.2	7.99
1801	4	7.6	25.4	44	9.34
1801	5	11.2	67	64.8	12.58
1801	6	13.7	41.7	79.6	14.83
1801	7	14.9	111.2	83.6	15.91
1801	8	15.8	49.8	102.7	16.72
1801	9	13.1	105.2	56.6	14.29
1801	10	9.4	67	24.9	10.96
1801	11	4.3	79.1	8.2	6.37
1801	12	1.2	73	4.2	3.58
1802	1	1.3	35.1	4.3	3.67
1802	2	3.3	65.3	18.8	5.47
1802	3	5.1	23.5	29.2	7.09
1802	4	8.2	33	47.3	9.88
1802	5	9.8	42.9	56.6	11.32
1802	6	12.7	76.9	73.6	13.93
1802	7	12.5	114.6	49	13.75
1802	8	15.9	55.8	104.8	16.81
1802	9	12.8	45.5	52.1	14.02
1802	10	9.3	80	24.4	10.87
1802	11	4.6	49.8	8.7	6.64
1802	12	3.2	61.3	6.4	5.38
1803	1	1.5	51	4.4	3.85
1803	2	3	46.5	17.1	5.2
1803	3	5.7	30.6	33	7.63
1803	4	8.4	41.7	48.4	10.06
1803	5	9.7	49.6	56	11.23
1803	6	12.7	88.7	73.6	13.93
1803	7	16.3	41.9	113.8	17.17
1803	8	14.9	52.4	83.6	15.91
1803	9	10.5	50.5	31.9	11.95
1803	10	8.5	30.2	20.7	10.15
1803	11	4.5	83.1	8.6	6.55
1803	12	4	103.9	7.6	6.1
1804	1	5.3	93.1	10.1	7.27
1804	2	2.6	36	14.4	4.84
1804	3	4.2	64.4	24.3	6.28
1804	4	6.3	55.9	36.3	8.17
1804	5	12.3	51.5	71.4	13.57
1804	6	14.9	40.8	86.7	15.91
1804	7	14.7	94.6	80.2	15.73
1804	8	14.4	80.3	75.4	15.46
1804	9	13.1	28	56.6	14.29
1804	10	9.9	84.9	27.6	11.41
1804	11	6	84.9	11.9	7.9
1804	12	1.8	41.2	4.7	4.12
1805	1	1.8	61.7	4.7	4.12
1805	2	3.7	48.7	21	5.83
1805	3	5.6	35.3	32.5	7.54
1805	4	7.6	54.5	44	9.34
1805	5	9.4	47	54.4	10.96
1805	6	12.2	70.1	70.8	13.48
1805	7	14.8	72.8	81.9	15.82
1805	8	15.2	82.2	88.9	16.18
1805	9	13.5	67.7	61.4	14.65
1805	10	7.5	44	16.5	9.25
1805	11	4.3	26.3	8.2	6.37
1805	12	3.2	59.5	6.4	5.38
1806	1	3.8	93	7.3	5.92
1806	2	3.9	46.3	22.1	6.01
1806	3	4.6	44.6	26.4	6.64
1806	4	6.2	28.7	35.8	8.08
1806	5	11.2	39.7	64.8	12.58
1806	6	13.8	46.5	80.2	14.92
1806	7	14.3	99.6	72.4	15.37
1806	8	15	84.7	85.3	16
1806	9	12.4	63.5	48	13.66
1806	10	9.8	38.2	27	11.32
1806	11	7.1	86.2	15.2	8.89
1806	12	6.2	98.6	12.4	8.08
1807	1	2.5	37.9	5.4	4.75
1807	2	3.3	42.2	18.8	5.47
1807	3	2.6	24.6	14.4	4.84
1807	4	7	26.2	40.7	8.8
1807	5	10.9	83.7	63.2	12.31
1807	6	13.1	53.6	76.3	14.29
1807	7	15.8	70.1	102.7	16.72
1807	8	15.7	62.6	98.5	16.63
1807	9	9.7	85.3	26.5	11.23
1807	10	10.5	54.8	31.9	11.95
1807	11	2.6	84.7	5.6	4.84
1807	12	1.6	47.4	4.5	3.94
1808	1	2.3	34.5	5.2	4.57
1808	2	2.5	33.7	13.8	4.75
1808	3	2.8	19.6	16	5.02
1808	4	5.3	70.8	30.3	7.27
1808	5	12.7	55.6	73.6	13.93
1808	6	13.7	59.1	79.6	14.83
1808	7	17.1	94.7	134.1	17.89
1808	8	15.5	76.5	94.6	16.45
1808	9	11.7	87.4	41.6	13.03
1808	10	6.6	84.4	13.4	8.44
1808	11	5.5	59.9	10.5	7.45
1808	12	1.9	44.6	4.8	4.21
1809	1	1.7	96.6	4.6	4.03
1809	2	5.2	67.5	29.7	7.18
1809	3	5.5	30.2	31.4	7.45
1809	4	4.7	69.8	27	6.73
1809	5	12.1	48.3	70.3	13.39
1809	6	12.7	63.2	73.6	13.93
1809	7	14	78.2	68.1	15.1
1809	8	13.7	117.8	64	14.83
1809	9	11.7	105.3	41.6	13.03
1809	10	9.4	18.6	24.9	10.96
1809	11	4.1	46.5	7.9	6.19
1809	12	3.7	70.1	7.1	5.83
1810	1	1.9	29.3	4.8	4.21
1810	2	3.1	45.3	17.7	5.29
1810	3	4.4	60.7	25.4	6.46
1810	4	7.5	48.8	43.4	9.25
1810	5	8.5	54.9	48.9	10.15
1810	6	13.5	50.7	78.5	14.65
1810	7	14.1	107.8	69.5	15.19
1810	8	13.5	90.6	61.4	14.65
1810	9	12.9	53.4	53.2	14.11
1810	10	9	62	22.9	10.6
1810	11	4.9	122	9.3	6.91
1810	12	3.2	96.7	6.4	5.38
1811	1	1	46.3	3.9	3.4
1811	2	4.1	65	23.7	6.19
1811	3	6.5	45.4	37.4	8.35
1811	4	8.2	48.3	47.3	9.88
1811	5	11.8	88.8	68.6	13.12
1811	6	13	68.9	75.8	14.2
1811	7	14.9	90.4	83.6	15.91
1811	8	13.3	69	59	14.47
1811	9	12.7	75.5	51.1	13.93
1811	10	11.4	82.3	38.3	12.76
1811	11	7	71.3	14.9	8.8
1811	12	2.7	56.2	5.8	4.93
1812	1	2.3	42.6	5.2	4.57
1812	2	4.8	84.6	27.5	6.82
1812	3	3.1	81.7	17.7	5.29
1812	4	5	38.9	28.6	7
1812	5	10	67.1	58.2	11.5
1812	6	12	91.2	69.7	13.3
1812	7	13.1	76	56.6	14.29
1812	8	13.2	60.3	57.8	14.38
1812	9	12.2	53.6	46.1	13.48
1812	10	8.5	97.9	20.7	10.15
1812	11	4.4	65.8	8.4	6.46
1812	12	1.4	27.1	4.3	3.76
1813	1	1.6	35.4	4.5	3.94
1813	2	5.3	77.3	30.3	7.27
1813	3	6.2	30.3	35.8	8.08
1813	4	7	45.6	40.1	8.8
1813	5	10.7	81.3	62.1	12.13
1813	6	12.6	59.5	73	13.84
1813	7	13.9	84.8	66.7	15.01
1813	8	13.4	45.2	60.2	14.56
1813	9	11.5	67.9	39.9	12.85
1813	10	7.4	111.2	16.2	9.16
1813	11	3.9	53.9	7.4	6.01
1813	12	2.5	30.7	5.4	4.75
1814	1	-2.9	51.5	1.7	-0.11
1814	2	1.2	25.5	6.2	3.58
1814	3	2.6	39.4	14.4	4.84
1814	4	8.8	67.8	51.1	10.42
1814	5	8.5	38.8	48.9	10.15
1814	6	11.3	72.6	65.4	12.67
1814	7	14.8	81.8	81.9	15.82
1814	8	13.6	74.7	62.7	14.74
1814	9	11.8	50.7	42.5	13.12
1814	10	7.4	74.2	16.2	9.16
1814	11	4.2	61	8	6.28
1814	12	3.9	89	7.4	6.01
1815	1	0.1	29.3	3.3	2.59
1815	2	5.9	39.5	34.1	7.81
1815	3	6.7	68.5	38.5	8.53
1815	4	7.4	40.3	42.9	9.16
1815	5	11.6	59.8	67.6	12.94
1815	6	13.2	73.1	76.9	14.38
1815	7	13.8	56.8	65.3	14.92
1815	8	14.2	81	70.9	15.28
1815	9	12.4	77.5	48	13.66
1815	10	9.5	71.1	25.4	11.05
1815	11	3	44	6.2	5.2
1815	12	2	68.9	4.9	4.3
1816	1	2.4	63.2	5.3	4.66
1816	2	1.8	39.7	10	4.12
1816	3	3.5	47.2	19.9	5.65
1816	4	6	59.6	34.7	7.9
1816	5	9.1	58.7	52.8	10.69
1816	6	11.8	77.9	68.6	13.12
1816	7	12.4	134	48	13.66
1816	8	12.9	80.8	53.2	14.11
1816	9	10.9	78.8	34.6	12.31
1816	10	9.5	78.9	25.4	11.05
1816	11	3.5	59.6	6.8	5.65
1816	12	2.7	76.6	5.8	4.93
1817	1	4.1	59.8	7.7	6.19
1817	2	5.8	49.3	33.6	7.72
1817	3	5	44.9	28.6	7
1817	4	7	16.7	40.1	8.8
1817	5	8	75.8	46.2	9.7
1817	6	14	88.7	81.3	15.1
1817	7	13	109.6	55.4	14.2
1817	8	12.6	120.3	50	13.84
1817	9	12.2	39.1	46.1	13.48
1817	10	5.8	33.2	11.4	7.72
1817	11	8.4	56.8	19.9	10.06
1817	12	2.2	79.8	5.1	4.48
1818	1	4	73.7	7.6	6.1
1818	2	2.4	53.3	13.3	4.66
1818	3	4.1	96.9	23.2	6.19
1818	4	6.3	97.4	36.3	8.17
1818	5	10.4	47.1	60.4	11.86
1818	6	15.2	42.6	88.4	16.18
1818	7	16.9	57.1	128.7	17.71
1818	8	14.2	34.9	70.9	15.28
1818	9	12.3	106.5	47	13.57
1818	10	11.1	59.6	36	12.49
1818	11	8.7	82.5	21.6	10.33
1818	12	3.2	41.3	6.4	5.38
1819	1	4	75.6	7.6	6.1
1819	2	3.9	71.8	22.1	6.01
1819	3	6.2	35	35.8	8.08
1819	4	7.9	52.6	45.6	9.61
1819	5	10.6	65.3	61.5	12.04
1819	6	12.4	77.2	71.9	13.66
1819	7	15.2	70.6	88.9	16.18
1819	8	16.1	52.9	109.2	16.99
1819	9	12.4	80.7	48	13.66
1819	10	8.4	63.9	19.9	10.06
1819	11	3.7	57.2	7.1	5.83
1819	12	1.2	71.1	4.1	3.58
1820	1	-0.4	53.9	2.9	2.14
1820	2	2.8	41.9	16	5.02
1820	3	4.2	26.9	24.3	6.28
1820	4	8.2	41.8	47.3	9.88
1820	5	10.5	73.9	61	11.95
1820	6	12.6	62.6	73	13.84
1820	7	14.5	70.2	77	15.55
1820	8	13.6	78.3	62.7	14.74
1820	9	11.4	70	38.3	12.76
1820	10	7.4	73.6	16.2	9.16
1820	11	5.1	45	9.7	7.09
1820	12	4.2	55.6	8	6.28
1821	1	3.2	55.3	6.4	5.38
1821	2	1.8	18.2	10	4.12
1821	3	5.2	76.4	29.7	7.18
1821	4	8.7	64.2	50.6	10.33
1821	5	8.6	51.2	50	10.24
1821	6	11.4	49.9	65.9	12.76
1821	7	13.7	77.5	64	14.83
1821	8	15.2	80.6	88.9	16.18
1821	9	13.8	101.3	65.3	14.92
1821	10	9.6	72.5	25.9	11.14
1821	11	7.9	100.6	17.9	9.61
1821	12	5.8	116.7	11.4	7.72
1822	1	4.2	32.1	8	6.28
1822	2	5.7	51.6	33	7.63
1822	3	7.1	55.5	41.2	8.89
1822	4	7.6	57.3	44	9.34
1822	5	11.7	44	68.1	13.03
1822	6	15.8	43.6	92.2	16.72
1822	7	14.4	128.9	75.4	15.46
1822	8	14.1	63.2	69.5	15.19
1822	9	11.4	49.6	39.1	12.76
1822	10	9.9	102	27.6	11.41
1822	11	7.5	103.6	16.5	9.25
1822	12	1.3	44.6	4.3	3.67
1823	1	-0.3	65.9	3	2.23
1823	2	2.7	83.8	15.5	4.93
1823	3	4.5	40.5	25.9	6.55
1823	4	6.1	47.5	35.2	7.99
1823	5	11.3	51.7	65.4	12.67
1823	6	11.4	57.6	65.9	12.76
1823	7	13	99.9	55.4	14.2
1823	8	13.3	97.2	59	14.47
1823	9	11.5	69.1	39.9	12.85
1823	10	7.7	87.8	17.2	9.43
1823	11	6.5	48.7	13.2	8.35
1823	12	4.3	87	8.2	6.37
1824	1	3.9	31.1	7.4	6.01
1824	2	4.2	53	24.3	6.28
1824	3	4.1	60.3	23.7	6.19
1824	4	6.8	51.6	39.1	8.62
1824	5	9.9	46.9	57.1	11.41
1824	6	12.4	91.9	71.9	13.66
1824	7	14.8	54.5	81.9	15.82
1824	8	14	75.4	68.1	15.1
1824	9	12.7	103.6	51.1	13.93
1824	10	8.7	100.7	21.6	10.33
1824	11	6.6	97.3	13.4	8.44
1824	12	4.6	93.7	8.7	6.64
1825	1	3.4	41.4	6.7	5.56
1825	2	3.5	38.5	19.9	5.65
1825	3	4.5	41.7	25.9	6.55
1825	4	8.4	53.6	48.4	10.06
1825	5	10.7	64.4	62.1	12.13
1825	6	13	62.9	75.8	14.2
1825	7	15.9	25.2	104.8	16.81
1825	8	15.1	90.1	87.1	16.09
1825	9	14	81	68.1	15.1
1825	10	10	74.7	28.2	11.5
1825	11	4.7	82.3	8.9	6.73
1825	12	4.1	74.9	7.9	6.19
1826	1	0.2	33.8	3.3	2.68
1826	2	5.8	78	33.6	7.72
1826	3	5.7	45.3	33	7.63
1826	4	8.1	34.2	46.7	9.79
1826	5	10.3	33.8	59.9	11.77
1826	6	16	28.4	93.3	16.9
1826	7	16.6	56.4	121	17.44
1826	8	16.3	64.4	113.8	17.17
1826	9	12.6	121.6	50	13.84
1826	10	10.2	55.2	29.9	11.68
1826	11	4	51.3	7.6	6.1
1826	12	5.3	60.8	10.1	7.27
1827	1	1.4	50.3	4.3	3.76
1827	2	0.5	32.6	2.3	2.95
1827	3	5.4	80.6	30.8	7.36
1827	4	8.2	36.9	47.3	9.88
1827	5	11	60.5	63.7	12.4
1827	6	13.1	52.5	76.3	14.29
1827	7	15.3	58.5	90.8	16.27
1827	8	13.7	76.5	64	14.83
1827	9	12.7	95	51.1	13.93
1827	10	10.5	101.5	31.9	11.95
1827	11	6.3	54.6	12.6	8.17
1827	12	6.3	95.2	12.6	8.17
1828	1	4.6	89.3	8.7	6.64
1828	2	4.7	49.6	27	6.73
1828	3	6	33.4	34.7	7.9
1828	4	7.6	76.7	44	9.34
1828	5	11.4	57.5	66.5	12.76
1828	6	14.3	75.4	82.9	15.37
1828	7	14.8	157.2	81.9	15.82
1828	8	14.2	93.7	70.9	15.28
1828	9	13.2	89.7	57.8	14.38
1828	10	9.4	53.7	24.9	10.96
1828	11	6.8	52.4	14	8.62
1828	12	6.8	75.5	14	8.62
1829	1	0.1	33.8	3.3	2.59
1829	2	3.9	39.5	22.1	6.01
1829	3	3.9	28	22.1	6.01
1829	4	6.1	89.7	35.2	7.99
1829	5	11.5	22.2	67	12.85
1829	6	13.8	97.1	80.2	14.92
1829	7	14	127.7	68.1	15.1
1829	8	13.2	132	57.8	14.38
1829	9	10.4	114.9	31.2	11.86
1829	10	7.6	52.9	16.9	9.34
1829	11	4.1	45.1	7.7	6.19
1829	12	1.2	28.8	4.1	3.58
1830	1	-0.3	40.9	2.9	2.23
1830	2	1.9	49.6	10.6	4.21
1830	3	7	28.8	40.7	8.8
1830	4	8.2	72	47.3	9.88
1830	5	11.1	75	64.3	12.49
1830	6	11.7	116.5	68.1	13.03
1830	7	15	90.1	85.3	16
1830	8	12.7	93.3	51.1	13.93
1830	9	11	121.1	35.3	12.4
1830	10	9.6	31.8	25.9	11.14
1830	11	6.3	85.3	12.6	8.17
1830	12	1.5	58	4.4	3.85
1831	1	1.3	51	4.3	3.67
1831	2	4.3	68.2	24.8	6.37
1831	3	6.6	61.5	38	8.44
1831	4	8.5	48.5	48.9	10.15
1831	5	10.6	44.6	61.5	12.04
1831	6	14.3	64.5	82.9	15.37
1831	7	15.5	92.8	94.6	16.45
1831	8	15.7	72.6	98.5	16.63
1831	9	12.7	93.4	51.1	13.93
1831	10	11.7	97.8	41.6	13.03
1831	11	5.1	67.8	9.7	7.09
1831	12	5.3	83	10.1	7.27
1832	1	2.7	35.7	5.8	4.93
1832	2	3	29.9	17.1	5.2
1832	3	5.3	53.5	30.3	7.27
1832	4	7.9	45.8	45.6	9.61
1832	5	10	54.6	58.2	11.5
1832	6	14.1	86.8	81.8	15.19
1832	7	14.7	56.3	80.2	15.73
1832	8	14.3	118.3	72.4	15.37
1832	9	12.6	39.1	50	13.84
1832	10	9.9	80.9	27.6	11.41
1832	11	5.4	84.3	10.3	7.36
1832	12	4.7	67.8	8.9	6.73
1833	1	1	29.3	3.9	3.4
1833	2	5.1	112	29.2	7.09
1833	3	3.5	45	19.9	5.65
1833	4	7	60.3	40.7	8.8
1833	5	14	25.6	81.3	15.1
1833	6	13.5	100.6	78.5	14.65
1833	7	14.6	55.1	78.6	15.64
1833	8	13.2	63.7	57.8	14.38
1833	9	11.2	65.9	36.8	12.58
1833	10	9.3	66.9	24.4	10.87
1833	11	6	63.8	11.9	7.9
1833	12	6.3	93.4	12.6	8.17
1834	1	6.5	106.4	13.2	8.35
1834	2	5.1	44.3	29.2	7.09
1834	3	6.5	39.1	37.4	8.35
1834	4	7	32.8	40.7	8.8
1834	5	12	33.5	69.7	13.3
1834	6	14.3	73.2	82.9	15.37
1834	7	15.7	143.2	98.5	16.63
1834	8	15	79.7	85.3	16
1834	9	12.8	70.4	52.1	14.02
1834	10	9.8	38	27	11.32
1834	11	6.1	50.1	12.1	7.99
1834	12	5.1	34.6	9.7	7.09
1835	1	2.6	47.1	5.6	4.84
1835	2	5.2	70.3	29.7	7.18
1835	3	5.3	64.4	30.3	7.27
1835	4	7.9	35.4	45.6	9.61
1835	5	10.4	60.9	60.4	11.86
1835	6	13.9	65.1	80.7	15.01
1835	7	15.2	52	88.9	16.18
1835	8	15.7	58.8	98.5	16.63
1835	9	12.4	114.7	48	13.66
1835	10	8.2	98.9	19.1	9.88
1835	11	6	77.3	11.9	7.9
1835	12	2.7	29.2	5.8	4.93
1836	1	3.3	59.2	6.6	5.47
1836	2	3.1	50.8	17.7	5.29
1836	3	5.3	87.3	30.3	7.27
1836	4	6.6	58.5	38	8.44
1836	5	10.2	21.8	59.3	11.68
1836	6	14.2	84.1	82.3	15.28
1836	7	14.3	89.5	72.4	15.37
1836	8	13.5	53.3	61.4	14.65
1836	9	10.8	91.8	33.9	12.22
1836	10	7.9	82.4	17.9	9.61
1836	11	4.8	109.1	9.1	6.82
1836	12	3.7	63.4	7.1	5.83
1837	1	2.4	69	5.3	4.66
1837	2	4.2	68.2	24.3	6.28
1837	3	2	30.9	11.1	4.3
1837	4	4.2	43.6	24.3	6.28
1837	5	9.1	34.9	52.8	10.69
1837	6	14.3	58.6	83.4	15.37
1837	7	15.7	72.6	98.5	16.63
1837	8	14.5	89.3	77	15.55
1837	9	11.5	74.1	39.9	12.85
1837	10	9.7	65.9	26.5	11.23
1837	11	4.7	61	8.9	6.73
1837	12	4.8	61.2	9.1	6.82
1838	1	-1.6	31.8	2.3	1.06
1838	2	0.2	56.7	0.7	2.68
1838	3	4.4	47.9	25.4	6.46
1838	4	5.6	43.1	31.9	7.54
1838	5	9.7	51.3	56	11.23
1838	6	13.3	104.4	77.4	14.47
1838	7	14.4	70.5	75.4	15.46
1838	8	14	80.1	68.1	15.1
1838	9	11.7	76.6	41.6	13.03
1838	10	9	68.6	22.9	10.6
1838	11	4.1	95	7.9	6.19
1838	12	3.6	51.2	7	5.74
1839	1	2.5	48.8	5.4	4.75
1839	2	3.7	51.3	21	5.83
1839	3	3.8	59.6	21.5	5.92
1839	4	5.8	36.2	33.6	7.72
1839	5	9.4	28.9	54.4	10.96
1839	6	13.2	105.9	76.9	14.38
1839	7	13.8	134.7	65.3	14.92
1839	8	13.5	82.1	61.4	14.65
1839	9	11.4	117.2	39.1	12.76
1839	10	8.5	72.6	20.7	10.15
1839	11	6.7	95.3	13.7	8.53
1839	12	3.3	77.1	6.6	5.47
1840	1	3.7	76	7.1	5.83
1840	2	3.2	52.8	18.2	5.38
1840	3	3.4	17.9	19.3	5.56
1840	4	8.9	27	51.7	10.51
1840	5	10.5	62.2	61	11.95
1840	6	13	60.1	75.8	14.2
1840	7	12.8	86.3	52.1	14.02
1840	8	14.7	71.4	80.2	15.73
1840	9	10.2	86.9	29.9	11.68
1840	10	6.9	45.6	14.3	8.71
1840	11	5.3	100	10.1	7.27
1840	12	1.1	27.6	4	3.49
1841	1	0.9	60.3	3.8	3.31
1841	2	2.1	45.9	11.7	4.39
1841	3	6.9	51.5	39.6	8.71
1841	4	7.1	42.8	41.2	8.89
1841	5	11.7	59.3	68.1	13.03
1841	6	11.9	75.1	69.2	13.21
1841	7	12.8	88.1	52.1	14.02
1841	8	13.5	97.6	61.4	14.65
1841	9	12.4	119.9	48	13.66
1841	10	8	96.9	18.3	9.7
1841	11	4.7	85.4	8.9	6.73
1841	12	4	69.9	7.6	6.1
1842	1	0.4	54.6	3.5	2.86
1842	2	3.8	42.1	21.5	5.92
1842	3	5.8	64.2	33.6	7.72
1842	4	7.1	20.8	41.2	8.89
1842	5	10.5	48.4	61	11.95
1842	6	14.4	64	84	15.46
1842	7	13.4	75	60.2	14.56
1842	8	15.8	67.5	102.7	16.72
1842	9	12.2	89.5	46.1	13.48
1842	10	6.6	40.9	13.4	8.44
1842	11	5	113.4	9.5	7
1842	12	6.6	43.9	13.4	8.44
1843	1	3.6	60.1	7	5.74
1843	2	1.6	60.3	8.9	3.94
1843	3	5.1	34.3	29.2	7.09
1843	4	7.8	70.8	45.1	9.52
1843	5	9.6	93.3	55.5	11.14
1843	6	11.8	81.6	68.6	13.12
1843	7	13.7	73.6	64	14.83
1843	8	14.2	95.7	70.9	15.28
1843	9	13.3	37.4	59	14.47
1843	10	7.2	106.8	15.5	8.98
1843	11	5.2	71	9.9	7.18
1843	12	6.8	23.2	14	8.62
1844	1	3.4	52	6.7	5.56
1844	2	1.3	65.2	7.3	3.67
1844	3	4.2	60.7	24.3	6.28
1844	4	9	22.2	52.2	10.6
1844	5	10	16.7	57.7	11.5
1844	6	13.6	49.5	79.1	14.74
1844	7	14.3	72.2	72.4	15.37
1844	8	12.5	78	49	13.75
1844	9	12.3	68.1	47	13.57
1844	10	8.5	73.4	20.3	10.15
1844	11	5.4	72	10.3	7.36
1844	12	0.2	24.9	3.3	2.68
1845	1	2.8	24.1	5.9	5.02
1845	2	0.7	33.1	3.4	3.13
1845	3	1.7	36.4	9.5	4.03
1845	4	7.9	19.3	45.6	9.61
1845	5	8.7	20	50.6	10.33
1845	6	13.8	64.2	80.2	14.92
1845	7	13.2	55.7	57.8	14.38
1845	8	12.5	105.7	49	13.75
1845	9	10.5	64.7	31.9	11.95
1845	10	8.7	121.1	21.6	10.33
1845	11	6.1	42	12.1	7.99
1845	12	4.1	73.1	7.9	6.19
1846	1	5.7	61.8	11.2	7.63
1846	2	5.8	23.6	33.6	7.72
1846	3	5.6	43	31.9	7.54
1846	4	7.1	64.9	41.2	8.89
1846	5	11.4	30.9	65.9	12.76
1846	6	16.9	91.9	98.2	17.71
1846	7	15.3	168.9	90.8	16.27
1846	8	15.4	68.5	92.6	16.36
1846	9	13.6	24.4	62.7	14.74
1846	10	8.7	112	21.6	10.33
1846	11	6.3	67.6	12.6	8.17
1846	12	0.3	36.7	3.4	2.77
1847	1	1.9	22.7	4.8	4.21
1847	2	2.1	19.1	11.7	4.39
1847	3	5.1	10.9	29.2	7.09
1847	4	6	25.3	34.7	7.9
1847	5	11.4	117	65.9	12.76
1847	6	12.9	36.2	74.7	14.11
1847	7	16.2	16.6	111.5	17.08
1847	8	14.1	43	69.5	15.19
1847	9	10.6	40.5	32.5	12.04
1847	10	9.9	85.2	27.6	11.41
1847	11	7.2	84.7	15.5	8.98
1847	12	4.3	74.8	8.2	6.37
1848	1	1.1	31.1	4	3.49
1848	2	5.6	140.9	31.9	7.54
1848	3	5.4	62.3	30.8	7.36
1848	4	7.5	21	43.4	9.25
1848	5	12.9	11.8	74.7	14.11
1848	6	13.4	148.6	78	14.56
1848	7	14.4	57.9	75.4	15.46
1848	8	12.6	74.8	50	13.84
1848	9	11.8	34.7	42.5	13.12
1848	10	8.9	77.5	22.5	10.51
1848	11	5.3	60.3	10.1	7.27
1848	12	5.1	55.5	9.7	7.09
1849	1	3.5	79.6	6.8	5.65
1849	2	5.2	29	29.7	7.18
1849	3	5.6	9.7	31.9	7.54
1849	4	5.8	56.7	33.6	7.72
1849	5	11.2	53.1	64.8	12.58
1849	6	12.9	21.7	74.7	14.11
1849	7	14.3	42.2	72.4	15.37
1849	8	14.4	96.5	75.4	15.46
1849	9	12.3	63.2	47	13.57
1849	10	8.5	104	20.3	10.15
1849	11	6	49.9	11.9	7.9
1849	12	3	42.5	6.2	5.2
1850	1	0.5	65.2	3.5	2.95
1850	2	5.8	63	33.6	7.72
1850	3	4.2	8.4	24.3	6.28
1850	4	8.3	61.8	47.8	9.97
1850	5	9.3	49.7	53.9	10.87
1850	6	14.3	71.4	82.9	15.37
1850	7	15	123.5	85.3	16
1850	8	13.4	78.2	60.2	14.56
1850	9	11.4	27	38.3	12.76
1850	10	7.2	71.2	15.5	8.98
1850	11	6.8	80.4	14	8.62
1850	12	4.1	38.6	7.9	6.19
1851	1	5.1	100.4	9.7	7.09
1851	2	4.2	41.3	24.3	6.28
1851	3	5.3	68.5	30.3	7.27
1851	4	6.8	26.3	39.1	8.62
1851	5	9.6	15.7	55.5	11.14
1851	6	13.2	81.3	76.9	14.38
1851	7	13.5	66.6	61.4	14.65
1851	8	14.3	74.8	73.9	15.37
1851	9	11.7	55.7	41.6	13.03
1851	10	10	75	28.2	11.5
1851	11	2.7	27.5	5.8	4.93
1851	12	4.3	22.4	8.2	6.37
1852	1	4.4	104.5	8.4	6.46
1852	2	4.2	55	24.3	6.28
1852	3	4.7	15	27	6.73
1852	4	7.5	33.1	43.4	9.25
1852	5	9.8	55.7	56.6	11.32
1852	6	12.2	100.1	70.8	13.48
1852	7	17.3	54.8	142.6	18.07
1852	8	14.6	92.4	78.6	15.64
1852	9	11.9	51.4	43.3	13.21
1852	10	7.1	76	15.2	8.89
1852	11	7.2	51.9	15.5	8.98
1852	12	7	165.5	14.9	8.8
1853	1	4.6	89.3	8.7	6.64
1853	2	0.4	18.3	1.8	2.86
1853	3	3	23.2	17.1	5.2
1853	4	7	34	40.1	8.8
1853	5	10	24.6	58.2	11.5
1853	6	13.2	84.5	76.9	14.38
1853	7	13.8	91	65.3	14.92
1853	8	13.6	56	62.7	14.74
1853	9	11.4	54.3	38.3	12.76
1853	10	9.3	69.3	24.4	10.87
1853	11	4.7	37.2	8.9	6.73
1853	12	1.1	8.7	4	3.49
1854	1	3.2	37.6	6.4	5.38
1854	2	3.9	21.2	22.1	6.01
1854	3	6.1	27	35.2	7.99
1854	4	8.5	10.4	48.9	10.15
1854	5	9.5	65.4	54.9	11.05
1854	6	12.2	84	70.8	13.48
1854	7	14.3	41.7	72.4	15.37
1854	8	14.1	57.7	69.5	15.19
1854	9	13.3	48.3	59	14.47
1854	10	8.6	68.5	21.1	10.24
1854	11	4.4	51.2	8.4	6.46
1854	12	4.6	53.6	8.7	6.64
1855	1	2.1	3.4	5	4.39
1855	2	-1.7	14	0	0.97
1855	3	2.9	26.3	16.6	5.11
1855	4	6.5	10.6	37.4	8.35
1855	5	8.1	35.5	46.7	9.79
1855	6	12.3	43.7	71.4	13.57
1855	7	15.6	84.5	96.5	16.54
1855	8	14.5	83	77	15.55
1855	9	12.2	27.3	46.1	13.48
1855	10	8.9	101.6	22.5	10.51
1855	11	4.8	37.2	9.1	6.82
1855	12	2.1	14.7	5	4.39
1856	1	3.3	59.4	6.6	5.47
1856	2	4.8	56.2	27.5	6.82
1856	3	4	1.9	22.6	6.1
1856	4	7.4	35.5	42.9	9.16
1856	5	8.6	83.5	50	10.24
1856	6	12.5	109.8	72.5	13.75
1856	7	14.2	40.8	70.9	15.28
1856	8	15.7	112.4	98.5	16.63
1856	9	11.5	57.7	39.9	12.85
1856	10	9.9	53.8	27.6	11.41
1856	11	4.3	39.8	8.2	6.37
1856	12	4	91.5	7.6	6.1
1857	1	2.3	34.5	5.2	4.57
1857	2	3.9	38.1	22.1	6.01
1857	3	4.8	71.2	27.5	6.82
1857	4	6.9	27.3	39.6	8.71
1857	5	10.4	36.9	60.4	11.86
1857	6	14.6	66.1	85.1	15.64
1857	7	15.2	59.6	88.9	16.18
1857	8	16.1	53.6	109.2	16.99
1857	9	13.4	87.1	60.2	14.56
1857	10	10.4	40.1	31.2	11.86
1857	11	6.6	52.8	13.4	8.44
1857	12	6.7	49.9	13.7	8.53
1858	1	3	31.9	6.2	5.2
1858	2	1.5	8.2	8.4	3.85
1858	3	4.4	41.5	25.4	6.46
1858	4	7	27.3	40.7	8.8
1858	5	10	82.3	57.7	11.5
1858	6	15.6	52.1	90.6	16.54
1858	7	13.7	73.4	64	14.83
1858	8	14.6	88.1	78.6	15.64
1858	9	13.6	85.9	62.7	14.74
1858	10	8.8	78.4	22	10.42
1858	11	3.9	32.6	7.4	6.01
1858	12	4.3	49.9	8.2	6.37
1859	1	4.4	58.6	8.4	6.46
1859	2	5.2	38.1	29.7	7.18
1859	3	6.7	68.8	38.5	8.53
1859	4	6.9	50.2	39.6	8.71
1859	5	10.8	1.7	62.6	12.22
1859	6	13.7	39.6	79.6	14.83
1859	7	17	69.7	131.4	17.8
1859	8	15	38.1	85.3	16
1859	9	11.9	118.7	43.3	13.21
1859	10	8.8	44.4	22	10.42
1859	11	4.3	91.7	8.2	6.37
1859	12	1.3	106.2	4.3	3.67
1860	1	3.1	143.8	6.3	5.29
1860	2	1.4	39.1	7.8	3.76
1860	3	4.2	70.9	24.3	6.28
1860	4	5.4	37.2	30.8	7.36
1860	5	10.6	55.3	61.5	12.04
1860	6	11.4	83.7	65.9	12.76
1860	7	13.4	81.1	60.2	14.56
1860	8	12.6	98.9	50	13.84
1860	9	10.3	35.2	30.6	11.77
1860	10	9	134.2	22.9	10.6
1860	11	4.1	37.9	7.7	6.19
1860	12	1.2	56.7	4.2	3.58
1861	1	1.4	25.6	4.3	3.76
1861	2	4.4	45.6	25.4	6.46
1861	3	5.7	78.9	33	7.63
1861	4	6.9	17.1	39.6	8.71
1861	5	9.6	23.6	55.5	11.14
1861	6	13.7	53.6	79.6	14.83
1861	7	13.9	121.1	66.7	15.01
1861	8	14.7	91.9	80.2	15.73
1861	9	12.1	124.8	45.2	13.39
1861	10	10.9	44.4	34.6	12.31
1861	11	3.8	155.6	7.3	5.92
1861	12	3.5	48.7	6.8	5.65
1862	1	3.5	76.7	6.8	5.65
1862	2	4.6	20	26.4	6.64
1862	3	5	15	28.6	7
1862	4	8.1	62.7	46.7	9.79
1862	5	11.4	107.6	65.9	12.76
1862	6	11.7	88.1	68.1	13.03
1862	7	13.1	112.2	56.6	14.29
1862	8	13.5	92.2	61.4	14.65
1862	9	12	59.4	44.2	13.3
1862	10	9.5	119.9	25.4	11.05
1862	11	2.8	20.8	5.9	5.02
1862	12	5.9	69.5	11.6	7.81
1863	1	4.4	95.5	8.4	6.46
1863	2	5.3	19.8	30.3	7.27
1863	3	5.9	16	34.1	7.81
1863	4	8.1	64	46.7	9.79
1863	5	9.8	68.5	56.6	11.32
1863	6	12.6	92.4	73	13.84
1863	7	14.1	20.5	69.5	15.19
1863	8	14.3	84.3	73.9	15.37
1863	9	10.7	133.2	33.2	12.13
1863	10	9.1	106.7	23.4	10.69
1863	11	6.7	87.9	13.7	8.53
1863	12	5.7	62.8	11.2	7.63
1864	1	2.1	55.2	5	4.39
1864	2	2	48.7	11.1	4.3
1864	3	4.2	54.9	24.3	6.28
1864	4	8.1	36.8	46.7	9.79
1864	5	11.4	56.8	66.5	12.76
1864	6	12.6	47.3	73	13.84
1864	7	14.3	31.3	73.9	15.37
1864	8	13.1	45.4	56.6	14.29
1864	9	12.3	104.3	47	13.57
1864	10	9	72.3	22.9	10.6
1864	11	5	35.1	9.5	7
1864	12	3.3	63	6.6	5.47
1865	1	1.8	47.3	4.7	4.12
1865	2	2	69.7	11.1	4.3
1865	3	2.6	11.9	14.4	4.84
1865	4	9.8	15.5	56.6	11.32
1865	5	11.6	128.7	67.6	12.94
1865	6	14.4	29.1	84	15.46
1865	7	15.4	44.4	92.6	16.36
1865	8	14	101.2	68.1	15.1
1865	9	15.1	16.7	87.1	16.09
1865	10	8.9	112.2	22.5	10.51
1865	11	6.1	60.2	12.1	7.99
1865	12	5.3	51.3	10.1	7.27
1866	1	5.3	86.9	10.1	7.27
1866	2	4	76.4	22.6	6.1
1866	3	4.3	44.4	24.8	6.37
1866	4	7.9	22.4	45.6	9.61
1866	5	9.2	31	53.3	10.78
1866	6	14.3	43.9	83.4	15.37
1866	7	14.3	81.7	73.9	15.37
1866	8	13.6	94.8	62.7	14.74
1866	9	11.8	122.7	42.5	13.12
1866	10	9.9	40.6	27.6	11.41
1866	11	6.3	93.1	12.6	8.17
1866	12	5.6	80.9	10.7	7.54
1867	1	1	86.7	3.9	3.4
1867	2	6.3	51.1	36.3	8.17
1867	3	2.7	19.3	15.5	4.93
1867	4	8.5	97.2	49.5	10.15
1867	5	10.5	48.2	61	11.95
1867	6	13	33.7	75.8	14.2
1867	7	13.8	82.8	65.3	14.92
1867	8	15.1	32.2	87.1	16.09
1867	9	12.6	70	50	13.84
1867	10	8.5	64.5	20.7	10.15
1867	11	4.3	4.8	8.2	6.37
1867	12	3	55.6	6.2	5.2
1868	1	3.5	37.2	6.8	5.65
1868	2	5.7	80	33	7.63
1868	3	6.2	72.6	35.8	8.08
1868	4	8	61.4	46.2	9.7
1868	5	12.5	54.9	72.5	13.75
1868	6	14.3	20.1	83.4	15.37
1868	7	17	17	131.4	17.8
1868	8	15.6	99.6	96.5	16.54
1868	9	13.2	62.1	57.8	14.38
1868	10	7.7	68.5	17.2	9.43
1868	11	4.4	33.7	8.4	6.46
1868	12	6.6	103.9	13.4	8.44
1869	1	5.1	78.3	9.7	7.09
1869	2	6.9	120.3	39.6	8.71
1869	3	3.4	18.9	19.3	5.56
1869	4	9.3	55.9	53.9	10.87
1869	5	8.8	49.7	51.1	10.42
1869	6	12.2	33.4	70.8	13.48
1869	7	16	51.6	107	16.9
1869	8	14.3	27	73.9	15.37
1869	9	13.3	142.1	59	14.47
1869	10	8.9	44.2	22.5	10.51
1869	11	5.3	116	10.1	7.27
1869	12	2.6	103.1	5.6	4.84
1870	1	2.9	78.5	6	5.11
1870	2	2.5	42.2	13.8	4.75
1870	3	4.2	15.5	24.3	6.28
1870	4	8.5	22.1	48.9	10.15
1870	5	10.8	42.2	62.6	12.22
1870	6	14.1	44.7	81.8	15.19
1870	7	16.2	23.1	111.5	17.08
1870	8	14.5	84.6	77	15.55
1870	9	11.9	45.5	43.3	13.21
1870	10	8.7	119.6	21.6	10.33
1870	11	4.2	52.3	8	6.28
1870	12	0.4	21.1	3.5	2.86
1871	1	0.4	39.6	3.5	2.86
1871	2	5.4	46	31	7.36
1871	3	6.2	29	35.7	8.08
1871	4	7	61.2	40.4	8.8
1871	5	10.2	33	59.1	11.68
1871	6	12.6	73.7	73.2	13.84
1871	7	15.7	100.1	99.4	16.63
1871	8	15.6	72.9	97.3	16.54
1871	9	11.7	60.7	41.3	13.03
1871	10	8.9	75.9	22.4	10.51
1871	11	3.6	43.2	7	5.74
1871	12	3.7	79	7.1	5.83
1872	1	4.4	90.2	8.3	6.46
1872	2	5.7	69.1	32.8	7.63
1872	3	5.8	65.5	33.4	7.72
1872	4	7.7	32	44.5	9.43
1872	5	8.9	56.9	51.5	10.51
1872	6	13.4	102.9	77.9	14.56
1872	7	16.2	96.5	110.9	17.08
1872	8	14.3	88.9	73.1	15.37
1872	9	11.7	120.4	41.3	13.03
1872	10	7.9	105.7	18	9.61
1872	11	5.9	61.7	11.6	7.81
1872	12	3.4	66	6.7	5.56
1873	1	4.4	112.8	8.3	6.46
1873	2	1.6	15.2	8.8	3.94
1873	3	4.7	48.3	26.9	6.73
1873	4	7.9	10.2	45.7	9.61
1873	5	8.9	49.8	51.5	10.51
1873	6	13.8	40.9	80.2	14.92
1873	7	14.6	129.3	78.1	15.64
1873	8	14	110.5	68.5	15.1
1873	9	10.9	83.1	34.7	12.31
1873	10	7.3	95.8	15.7	9.07
1873	11	4.9	46	9.3	6.91
1873	12	6.2	29.7	12.4	8.08
1874	1	5.1	85.3	9.7	7.09
1874	2	3.7	60.2	21.1	5.83
1874	3	6.7	54.4	38.7	8.53
1874	4	8.5	28.7	49.2	10.15
1874	5	8.7	35.1	50.4	10.33
1874	6	12.9	28.2	75	14.11
1874	7	15.4	61	93.1	16.36
1874	8	14.2	176.5	71.5	15.28
1874	9	11.9	101.9	43.2	13.21
1874	10	8.7	130	21.4	10.33
1874	11	5.3	92.7	10.2	7.27
1874	12	-0.9	53.6	2.6	1.69
1875	1	4.5	96.8	8.5	6.55
1875	2	2.3	18	12.9	4.57
1875	3	3.8	18.3	21.7	5.92
1875	4	7.9	19	45.7	9.61
1875	5	10.9	38.9	63.2	12.31
1875	6	12.2	63.8	70.9	13.48
1875	7	14.3	102.4	73.1	15.37
1875	8	14.9	54.4	83.4	15.91
1875	9	13.1	91.7	56.2	14.29
1875	10	8.5	91.2	20.5	10.15
1875	11	4.4	71.9	8.3	6.46
1875	12	3.8	45.7	7.3	5.92
1876	1	3.7	25.4	7.1	5.83
1876	2	3.6	80.5	20.5	5.74
1876	3	3.2	82.8	18.2	5.38
1876	4	6.8	66.8	39.2	8.62
1876	5	9.2	30.7	53.3	10.78
1876	6	13.1	63	76.1	14.29
1876	7	14.8	63.5	81.6	15.82
1876	8	14.7	80.5	79.8	15.73
1876	9	11	79.8	35.4	12.4
1876	10	10.1	67.1	29.1	11.59
1876	11	4.9	56.6	9.3	6.91
1876	12	4.7	108.5	8.9	6.73
1877	1	5	132.8	9.5	7
1877	2	5.8	67.1	33.4	7.72
1877	3	3.7	55.9	21.1	5.83
1877	4	5.6	51.1	32.2	7.54
1877	5	7.3	53.1	42.2	9.07
1877	6	13	57.7	75.5	14.2
1877	7	12.8	136.7	52.6	14.02
1877	8	13.4	187.7	60	14.56
1877	9	10.2	56.6	29.7	11.68
1877	10	7.8	102.1	17.6	9.52
1877	11	5.8	153.4	11.3	7.72
1877	12	4.7	79.5	8.9	6.73
1878	1	3.6	76.2	7	5.74
1878	2	4.4	46	25.2	6.46
1878	3	4.7	31	26.9	6.73
1878	4	7.7	72.9	44.5	9.43
1878	5	10.3	60.7	59.7	11.77
1878	6	13.3	76.7	77.3	14.47
1878	7	15.9	23.9	103.9	16.81
1878	8	14.8	101.6	81.6	15.82
1878	9	12.4	105.4	48.2	13.66
1878	10	9.2	81	23.9	10.78
1878	11	3.1	39.9	6.3	5.29
1878	12	-2.6	38.6	1.8	0.16
1879	1	-2.5	30.3	1.8	0.25
1879	2	-0.2	30.8	0	2.32
1879	3	2.3	34.8	12.9	4.57
1879	4	5.3	36.5	30.5	7.27
1879	5	8.4	58	48.6	10.06
1879	6	12.2	83.6	70.9	13.48
1879	7	12.9	127.8	53.8	14.11
1879	8	13.6	97.5	62.7	14.74
1879	9	11	67.5	35.4	12.4
1879	10	7.5	39.5	16.4	9.25
1879	11	4.2	28.2	8	6.28
1879	12	0.5	49.3	3.5	2.95
1880	1	1.5	22.6	4.4	3.85
1880	2	4.9	52.1	28.1	6.91
1880	3	5.1	39.3	29.3	7.09
1880	4	6.5	50.3	37.5	8.35
1880	5	8.9	33.3	51.5	10.51
1880	6	12.6	56	73.2	13.84
1880	7	13.8	145.4	65.5	14.92
1880	8	15.2	31.3	89.1	16.18
1880	9	12.8	93.4	52.6	14.02
1880	10	5.4	37.2	10.4	7.36
1880	11	4.1	92.1	7.8	6.19
1880	12	3.2	88	6.4	5.38
1881	1	-2.8	7.7	1.7	-0.02
1881	2	2.2	73.1	12.3	4.48
1881	3	2.4	58.3	13.5	4.66
1881	4	5.2	24.8	29.9	7.18
1881	5	10.1	44.6	58.6	11.59
1881	6	11.8	96	68.5	13.12
1881	7	13.1	102.9	56.2	14.29
1881	8	11.8	145.7	42.2	13.12
1881	9	11.3	60	37.9	12.67
1881	10	7.3	51.8	15.7	9.07
1881	11	6.7	90.6	13.8	8.53
1881	12	3.3	62.8	6.5	5.47
1882	1	4.4	48.8	8.3	6.46
1882	2	5.5	46.2	31.6	7.45
1882	3	6.1	59	35.1	7.99
1882	4	5.9	80	34	7.81
1882	5	9.7	30.3	56.2	11.23
1882	6	12.6	68.8	73.2	13.84
1882	7	13.7	119.6	64.1	14.83
1882	8	13.2	79	57.4	14.38
1882	9	10.7	48.3	33.2	12.13
1882	10	8.5	70.8	20.5	10.15
1882	11	4.2	134.9	8	6.28
1882	12	1.4	65.7	4.3	3.76
1883	1	3.3	86.8	6.5	5.47
1883	2	4.8	48.3	27.5	6.82
1883	3	2.4	36.5	13.5	4.66
1883	4	7.1	48.8	41	8.89
1883	5	8.6	24.1	49.8	10.24
1883	6	11.7	73.3	67.9	13.03
1883	7	13.7	81.6	64.1	14.83
1883	8	13.7	68.8	64.1	14.83
1883	9	12.1	135.4	45.1	13.39
1883	10	8.1	84.6	18.8	9.79
1883	11	4.7	101.6	8.9	6.73
1883	12	4.2	74.9	8	6.28
1884	1	4.5	149.8	8.5	6.55
1884	2	4.2	36	24	6.28
1884	3	4.4	54.9	25.2	6.46
1884	4	7.1	37.5	41	8.89
1884	5	9.6	64.1	55.6	11.14
1884	6	12.8	9.2	74.4	14.02
1884	7	14.8	175.4	81.6	15.82
1884	8	15.6	38.5	97.3	16.54
1884	9	12.9	68.3	53.8	14.11
1884	10	8.6	52.3	20.9	10.24
1884	11	4.7	19.5	8.9	6.73
1884	12	2.9	85.6	6	5.11
1885	1	1.9	44.6	4.8	4.21
1885	2	3.9	52.3	22.3	6.01
1885	3	3.6	48.8	20.5	5.74
1885	4	6.8	40	39.2	8.62
1885	5	7.8	47	45.1	9.52
1885	6	13	24.6	75.5	14.2
1885	7	14.7	50.8	79.8	15.73
1885	8	13.1	81.6	56.2	14.29
1885	9	11.3	92.8	37.9	12.67
1885	10	7	64.6	14.7	8.8
1885	11	5.1	48.3	9.7	7.09
1885	12	4.3	36.5	8.2	6.37
1886	1	1.7	108.3	4.6	4.03
1886	2	1.5	27.7	8.2	3.85
1886	3	3.4	64.6	19.3	5.56
1886	4	7.3	45.1	42.2	9.07
1886	5	8.8	83.6	50.9	10.42
1886	6	12.6	54.3	73.2	13.84
1886	7	14.3	121.6	73.1	15.37
1886	8	14.3	42.6	73.1	15.37
1886	9	12.3	88.8	47.1	13.57
1886	10	10.9	102.1	34.7	12.31
1886	11	6.6	87	13.5	8.44
1886	12	1.8	90.8	4.7	4.12
1887	1	3.2	46.2	6.4	5.38
1887	2	4.2	34.3	24	6.28
1887	3	3.9	46.2	22.3	6.01
1887	4	6.4	56	36.9	8.26
1887	5	10	35.5	58	11.5
1887	6	15.3	7.7	89	16.27
1887	7	16.1	59	108.5	16.99
1887	8	14.1	93.9	70	15.19
1887	9	11.5	119.6	39.6	12.85
1887	10	7.3	60.5	15.7	9.07
1887	11	4.9	75.4	9.3	6.91
1887	12	2.8	68.3	5.9	5.02
1888	1	3.9	35.5	7.5	6.01
1888	2	2.4	21.5	13.5	4.66
1888	3	3	57	17	5.2
1888	4	5.4	25.1	31	7.36
1888	5	10.5	30.8	60.9	11.95
1888	6	12.8	46.7	74.4	14.02
1888	7	13.5	145.2	61.3	14.65
1888	8	13.4	91.6	60	14.56
1888	9	11.7	32.3	41.3	13.03
1888	10	8.3	57	19.6	9.97
1888	11	6.6	94.4	13.5	8.44
1888	12	4.6	54.9	8.7	6.64
1889	1	4.4	26.2	8.3	6.46
1889	2	3.2	41	18.2	5.38
1889	3	4.9	56.5	28.1	6.91
1889	4	6.8	56	39.2	8.62
1889	5	13.3	69.8	77.3	14.47
1889	6	15.4	36.5	89.6	16.36
1889	7	14.4	80.6	74.7	15.46
1889	8	13.8	131.9	65.5	14.92
1889	9	12.2	62.6	46.1	13.48
1889	10	8.3	101.1	19.6	9.97
1889	11	6.5	42.1	13.2	8.35
1889	12	3.7	58	7.1	5.83
1890	1	5.5	86.2	10.6	7.45
1890	2	3.3	15.9	18.7	5.47
1890	3	6.3	60.5	36.3	8.17
1890	4	7.3	35.5	42.2	9.07
1890	5	12.3	69.8	71.4	13.57
1890	6	13.1	103.1	76.1	14.29
1890	7	13.8	66.7	65.5	14.92
1890	8	13.7	110.3	64.1	14.83
1890	9	14.6	86.2	78.1	15.64
1890	10	9.7	60	26.7	11.23
1890	11	5.2	112.4	9.9	7.18
1890	12	0.8	13.3	3.8	3.22
1891	1	2.2	22.1	5.1	4.48
1891	2	5.5	3.6	31.6	7.45
1891	3	3.6	44.1	20.5	5.74
1891	4	6.1	28.7	35.1	7.99
1891	5	9.4	40	54.5	10.96
1891	6	14.9	34.9	86.7	15.91
1891	7	15.3	77	91.1	16.27
1891	8	14.2	178	71.5	15.28
1891	9	13.3	123.1	58.7	14.47
1891	10	8.7	77	21.4	10.33
1891	11	4.9	68.2	9.3	6.91
1891	12	4.1	140.6	7.8	6.19
1892	1	2.3	55.9	5.3	4.57
1892	2	3.6	43.1	20.5	5.74
1892	3	3.1	22.1	17.6	5.29
1892	4	7.4	30.3	42.8	9.16
1892	5	10.8	101.1	62.7	12.22
1892	6	12.9	80	75	14.11
1892	7	14.2	49.8	71.5	15.28
1892	8	14.5	172.4	76.4	15.55
1892	9	11.2	158	37	12.58
1892	10	6.5	94.4	13.2	8.35
1892	11	5.9	50.8	11.6	7.81
1892	12	1.2	39.5	4.1	3.58
1893	1	2.7	30.8	5.7	4.93
1893	2	4.3	99	24.6	6.37
1893	3	6.8	35.4	39.2	8.62
1893	4	10.5	23.6	60.9	11.95
1893	5	12.8	45.2	74.4	14.02
1893	6	15.8	65.2	91.9	16.72
1893	7	15.8	70.8	101.6	16.72
1893	8	16.4	99.5	115.9	17.26
1893	9	12.1	80	45.1	13.39
1893	10	8.9	87.2	22.4	10.51
1893	11	5.3	46.7	10.2	7.27
1893	12	5.1	84.7	9.7	7.09
1894	1	2.9	62.1	6	5.11
1894	2	4.7	144.7	26.9	6.73
1894	3	6.8	39	39.2	8.62
1894	4	9.7	48.7	56.2	11.23
1894	5	8.9	91.8	51.5	10.51
1894	6	13.2	96.5	76.7	14.38
1894	7	16.1	69.8	108.5	16.99
1894	8	13.7	186.8	64.1	14.83
1894	9	11.8	10.8	42.2	13.12
1894	10	8	73.9	18.4	9.7
1894	11	7.5	86.7	16.4	9.25
1894	12	4.3	86.7	8.2	6.37
1895	1	-0.7	57.5	2.7	1.87
1895	2	-2.2	20	0	0.52
1895	3	4.9	68.8	28.1	6.91
1895	4	8.5	38	49.2	10.15
1895	5	12.5	16.4	72.6	13.75
1895	6	13.6	42.1	79.1	14.74
1895	7	14.2	148.3	71.5	15.28
1895	8	15.4	142.1	93.1	16.36
1895	9	14.9	32.8	83.4	15.91
1895	10	6.5	103.6	13.2	8.35
1895	11	6.3	81.1	12.6	8.17
1895	12	3.3	79	6.5	5.47
1896	1	4.6	49.3	8.7	6.64
1896	2	5.4	39.5	31	7.36
1896	3	6.1	108.8	35.1	7.99
1896	4	9.3	59	53.9	10.87
1896	5	13.3	14.9	77.3	14.47
1896	6	15.7	90.8	91.4	16.63
1896	7	14.9	88.2	83.4	15.91
1896	8	14.1	53.4	70	15.19
1896	9	12.2	104.7	46.1	13.48
1896	10	6.4	114.9	12.9	8.26
1896	11	4.9	32.3	9.3	6.91
1896	12	3.2	90.8	6.4	5.38
1897	1	1.4	24.1	4.3	3.76
1897	2	5	55.4	28.7	7
1897	3	5.7	100.6	32.8	7.63
1897	4	6.5	36.4	37.5	8.35
1897	5	9.8	38.5	56.8	11.32
1897	6	14.3	89.3	83.2	15.37
1897	7	16	43.1	106.2	16.9
1897	8	16.3	114.4	113.4	17.17
1897	9	11.7	112.9	41.3	13.03
1897	10	10.1	51.3	29.1	11.59
1897	11	7.4	97	16.1	9.16
1897	12	4.1	94.9	7.8	6.19
1898	1	6.8	66.2	14.1	8.62
1898	2	4.5	70	25.8	6.55
1898	3	4.5	24.1	25.8	6.55
1898	4	8.5	88.2	49.2	10.15
1898	5	9.9	76.4	57.4	11.41
1898	6	14.2	61.1	82.6	15.28
1898	7	15.1	27.2	87.1	16.09
1898	8	15.8	103.6	101.6	16.72
1898	9	14.2	42.1	71.5	15.28
1898	10	11.1	94.4	36.2	12.49
1898	11	5.9	79.5	11.6	7.81
1898	12	6.7	88.2	13.8	8.53
1899	1	3.4	118.5	6.7	5.56
1899	2	4.5	42.6	25.8	6.55
1899	3	5.4	41	31	7.36
1899	4	7.2	66.2	41.6	8.98
1899	5	9.2	77	53.3	10.78
1899	6	16.1	30.3	93.7	16.99
1899	7	16.5	97.5	118.5	17.35
1899	8	17.4	46.2	144.3	18.16
1899	9	12.2	94.4	46.1	13.48
1899	10	8.9	58.5	22.4	10.51
1899	11	8.4	82.6	20	10.06
1899	12	2.2	45.2	5.1	4.48
1900	1	4.2	66.2	8	6.28
1900	2	1.1	98	5.9	3.49
1900	3	3.8	11.3	21.7	5.92
1900	4	8.1	62.6	46.9	9.79
1900	5	10.5	49.8	60.9	11.95
1900	6	14.9	168.8	86.7	15.91
1900	7	16.3	41	113.4	17.17
1900	8	14.2	143.7	71.5	15.28
1900	9	13.1	50.8	56.2	14.29
1900	10	8.5	121.6	20.5	10.15
1900	11	6.3	94.9	12.6	8.17
1900	12	7.1	106.2	15.1	8.89
1901	1	3.6	51.8	7	5.74
1901	2	2.9	27.7	16.4	5.11
1901	3	4.4	47.2	25.2	6.46
1901	4	8.3	58.5	48	9.97
1901	5	12.2	51.8	70.9	13.48
1901	6	13.3	45.2	77.3	14.47
1901	7	18.1	32.3	168.3	18.79
1901	8	15.1	112.9	87.1	16.09
1901	9	13.2	25.1	57.4	14.38
1901	10	9.1	107.2	23.4	10.69
1901	11	5.2	93.4	9.9	7.18
1901	12	2.8	95.9	5.9	5.02
1902	1	4	61.6	7.6	6.1
1902	2	1.2	26.7	6.4	3.58
1902	3	6.6	60.5	38.1	8.44
1902	4	7.7	40.5	44.5	9.43
1902	5	8.6	63.6	49.8	10.24
1902	6	13.5	42.6	78.5	14.65
1902	7	14.2	63.1	71.5	15.28
1902	8	13.6	64.1	62.7	14.74
1902	9	12.5	41.6	49.3	13.75
1902	10	9.3	75.4	24.4	10.87
1902	11	6.6	32.8	13.5	8.44
1902	12	4.6	82.1	8.7	6.64
1903	1	3.1	111.3	6.3	5.29
1903	2	6.7	128.3	38.7	8.53
1903	3	6.1	96.5	35.1	7.99
1903	4	6.3	52.8	36.3	8.17
1903	5	10.9	70.8	63.2	12.31
1903	6	13.3	41	77.3	14.47
1903	7	14.7	123.1	79.8	15.73
1903	8	13.9	125.7	67	15.01
1903	9	12.5	96.5	49.3	13.75
1903	10	9.6	244.7	26.1	11.14
1903	11	5.7	66.2	11.1	7.63
1903	12	2.6	54.9	5.6	4.84
1904	1	4.3	55.9	8.2	6.37
1904	2	2.8	57.5	15.8	5.02
1904	3	3.7	65.2	21.1	5.83
1904	4	8.6	60.5	49.8	10.24
1904	5	10.7	67.2	62.1	12.13
1904	6	13.9	47.7	80.8	15.01
1904	7	15.9	47.2	103.9	16.81
1904	8	14.5	90.8	76.4	15.55
1904	9	12.3	29.2	47.1	13.57
1904	10	9.3	39.5	24.4	10.87
1904	11	5.5	66.7	10.6	7.45
1904	12	3.1	58	6.3	5.29
1905	1	4.3	36.4	8.2	6.37
1905	2	5.1	35.4	29.3	7.09
1905	3	6.6	65.7	38.1	8.44
1905	4	6.8	74.4	39.2	8.62
1905	5	10.8	40	62.7	12.22
1905	6	14.9	32.3	86.7	15.91
1905	7	16.6	65.2	121.1	17.44
1905	8	13.9	78.5	67	15.01
1905	9	12	56.4	44.1	13.3
1905	10	6.7	57	13.8	8.53
1905	11	4.6	65.2	8.7	6.64
1905	12	6.4	34.4	12.9	8.26
1906	1	5	103.1	9.5	7
1906	2	2.8	43.6	15.8	5.02
1906	3	5.2	51.3	29.9	7.18
1906	4	7.8	24.1	45.1	9.52
1906	5	9.9	97.5	57.4	11.41
1906	6	14.9	37.5	86.7	15.91
1906	7	14.8	52.3	81.6	15.82
1906	8	15.9	121.1	103.9	16.81
1906	9	13.6	33.4	62.7	14.74
1906	10	10.1	112.9	29.1	11.59
1906	11	7.1	77.5	15.1	8.89
1906	12	2.3	63.6	5.3	4.57
1907	1	3.9	29.8	7.5	6.01
1907	2	2.6	44.6	14.6	4.84
1907	3	6.5	68	37.5	8.35
1907	4	7.4	52.8	42.8	9.16
1907	5	10.1	84.7	58.6	11.59
1907	6	12.1	119	70.3	13.39
1907	7	15.3	61.1	91.1	16.27
1907	8	13.5	85.2	61.3	14.65
1907	9	13	18	55	14.2
1907	10	9.3	159.6	24.4	10.87
1907	11	5.5	68.8	10.6	7.45
1907	12	4.2	144.7	8	6.28
1908	1	3.3	74.9	6.5	5.47
1908	2	5.7	68.8	32.8	7.63
1908	3	4.3	94.4	24.6	6.37
1908	4	6.4	53.4	36.9	8.26
1908	5	12.1	84.1	70.3	13.39
1908	6	14.4	43.6	83.7	15.46
1908	7	15.4	89.8	93.1	16.36
1908	8	14.7	81.6	79.8	15.73
1908	9	12.7	99.5	51.5	13.93
1908	10	12.1	50.8	45.1	13.39
1908	11	6.9	65.7	14.4	8.71
1908	12	4	47.7	7.6	6.1
1909	1	3.4	74.9	6.7	5.56
1909	2	3.7	53.9	21.1	5.83
1909	3	3.6	97	20.5	5.74
1909	4	8.6	68.2	49.8	10.24
1909	5	10.3	29.8	59.7	11.77
1909	6	12.5	70.3	72.6	13.75
1909	7	13.8	125.2	65.5	14.92
1909	8	14.7	112.1	79.8	15.73
1909	9	11.7	32.3	41.3	13.03
1909	10	9.1	144.9	23.4	10.69
1909	11	4.3	25.7	8.2	6.37
1909	12	3.1	121.1	6.3	5.29
1910	1	3.2	70	6.4	5.38
1910	2	4	103.6	22.8	6.1
1910	3	5.9	32.1	34	7.81
1910	4	6.4	43.4	36.9	8.26
1910	5	10.9	53.1	63.2	12.31
1910	6	14.1	39.3	82	15.19
1910	7	13.7	96.5	64.1	14.83
1910	8	14.3	109.8	73.1	15.37
1910	9	11.9	9.7	43.2	13.21
1910	10	9.8	43.1	27.2	11.32
1910	11	2.3	92.6	5.3	4.57
1910	12	5.8	67.2	11.3	7.72
1911	1	4.4	26.4	8.3	6.46
1911	2	4.1	101.1	23.4	6.19
1911	3	4.6	33.8	26.4	6.64
1911	4	6.7	69.8	38.7	8.53
1911	5	12.4	58.4	72	13.66
1911	6	13.8	96.3	80.2	14.92
1911	7	16.3	17.5	113.4	17.17
1911	8	15.9	55.9	103.9	16.81
1911	9	11.9	54.9	43.2	13.21
1911	10	8.3	56.6	19.6	9.97
1911	11	5.3	84.8	10.2	7.27
1911	12	5.6	120.1	10.8	7.54
1912	1	3.2	36.8	6.4	5.38
1912	2	4.6	35.3	26.4	6.64
1912	3	6.2	106.2	35.7	8.08
1912	4	8.7	10.7	50.4	10.33
1912	5	10.5	46	60.9	11.95
1912	6	13.1	104.9	76.1	14.29
1912	7	15.1	67.1	87.1	16.09
1912	8	12	113.5	44.1	13.3
1912	9	10.4	56.4	31.1	11.86
1912	10	7.9	66	18	9.61
1912	11	5.6	67.3	10.8	7.54
1912	12	5.4	94.7	10.4	7.36
1913	1	3.2	55.1	6.4	5.38
1913	2	4.5	32.3	25.8	6.55
1913	3	5.1	95.8	29.3	7.09
1913	4	7.1	70.4	41	8.89
1913	5	10.2	45.2	59.1	11.68
1913	6	13.1	63.5	76.1	14.29
1913	7	14.5	28.4	76.4	15.55
1913	8	14.7	55.1	79.8	15.73
1913	9	13.1	58.7	56.2	14.29
1913	10	10.1	63.8	29.1	11.59
1913	11	7.7	86.4	17.2	9.43
1913	12	4.4	62.5	8.3	6.46
1914	1	3.5	67.1	6.8	5.65
1914	2	5.7	65.8	32.8	7.63
1914	3	4.9	67.8	28.1	6.91
1914	4	9.1	34.5	52.7	10.69
1914	5	9.9	43.9	57.4	11.41
1914	6	14.1	26.9	82	15.19
1914	7	15.4	77.2	93.1	16.36
1914	8	15.3	69.3	91.1	16.27
1914	9	12.6	32.5	50.4	13.84
1914	10	9.7	28.2	26.7	11.23
1914	11	6.5	114.8	13.2	8.35
1914	12	3.9	90.9	7.5	6.01
1915	1	3.4	80.5	6.7	5.56
1915	2	3.4	90.4	19.3	5.56
1915	3	5.1	47.8	29.3	7.09
1915	4	7.5	48.5	43.3	9.25
1915	5	9.9	51.8	57.4	11.41
1915	6	13.6	29.2	79.1	14.74
1915	7	13.7	96.5	64.1	14.83
1915	8	14.4	83.1	74.7	15.46
1915	9	12.4	26.2	48.2	13.66
1915	10	8.6	31.7	20.9	10.24
1915	11	2.2	14.7	5.1	4.48
1915	12	3.5	117.9	6.8	5.65
1916	1	6.8	90.2	14.1	8.62
1916	2	3.4	84.1	19.3	5.56
1916	3	3.1	54.4	17.6	5.29
1916	4	7.3	62	42.2	9.07
1916	5	10.2	75.7	59.1	11.68
1916	6	11.6	83.8	67.3	12.94
1916	7	14.4	117.1	74.7	15.46
1916	8	15.5	60.7	95.1	16.45
1916	9	12.3	52.3	47.1	13.57
1916	10	9.2	129.5	23.9	10.78
1916	11	6.9	105.2	14.4	8.71
1916	12	2.9	69.8	6	5.11
1917	1	2.1	38.9	5	4.39
1917	2	1.7	29.5	9.4	4.03
1917	3	2.7	50.3	15.2	4.93
1917	4	4.8	62.2	27.5	6.82
1917	5	11.2	48.5	65	12.58
1917	6	13.1	51.1	76.1	14.29
1917	7	15.2	33.3	89.1	16.18
1917	8	15.1	143.3	87.1	16.09
1917	9	12.9	66.3	53.8	14.11
1917	10	6.8	110	14.1	8.62
1917	11	7.8	71.9	17.6	9.52
1917	12	2.8	35.6	5.9	5.02
1918	1	2.6	79.5	5.6	4.84
1918	2	6.2	72.6	35.7	8.08
1918	3	5.1	16.8	29.3	7.09
1918	4	6.7	12.7	38.7	8.53
1918	5	11.7	47.8	67.9	13.03
1918	6	12.4	22.1	72	13.66
1918	7	14.6	94.7	78.1	15.64
1918	8	14.8	81.5	81.6	15.82
1918	9	10.2	186.9	29.7	11.68
1918	10	8.8	101.6	21.9	10.42
1918	11	4.3	51.1	8.2	6.37
1918	12	5.7	87.4	11.1	7.63
1919	1	3	73.2	6.1	5.2
1919	2	1.9	26.7	10.5	4.21
1919	3	4.5	59.7	25.8	6.55
1919	4	6.9	37.8	39.8	8.71
1919	5	12.6	27.9	73.2	13.84
1919	6	12.7	67.6	73.8	13.93
1919	7	13.7	22.1	64.1	14.83
1919	8	14.1	75.2	70	15.19
1919	9	11.6	46	40.4	12.94
1919	10	7.8	59.9	17.6	9.52
1919	11	2.6	59.9	5.6	4.84
1919	12	4.5	84.3	8.5	6.55
1920	1	4.1	105.9	7.8	6.19
1920	2	5.3	66.3	30.5	7.27
1920	3	5.7	79	32.8	7.63
1920	4	6.8	55.1	39.2	8.62
1920	5	10.5	88.4	60.9	11.95
1920	6	13.3	53.6	77.3	14.47
1920	7	13.3	108.2	58.7	14.47
1920	8	13.1	63.5	56.2	14.29
1920	9	11.6	48	40.4	12.94
1920	10	9.9	25.4	27.8	11.41
1920	11	7.6	51.3	16.8	9.34
1920	12	3.4	70.9	6.7	5.56
1921	1	6	127.3	11.8	7.9
1921	2	4.6	4.1	26.4	6.64
1921	3	6.2	94.2	35.7	8.08
1921	4	7.8	21.8	45.1	9.52
1921	5	9.9	32.5	57.4	11.41
1921	6	13.6	16.5	79.1	14.74
1921	7	16.2	62	110.9	17.08
1921	8	13.7	136.9	64.1	14.83
1921	9	12.4	54.6	48.2	13.66
1921	10	11.7	65	41.3	13.03
1921	11	4.3	42.7	8.2	6.37
1921	12	6.1	100.1	12.1	7.99
1922	1	2.4	57.1	5.4	4.66
1922	2	3.5	72.9	19.9	5.65
1922	3	4.7	33.3	26.9	6.73
1922	4	5.1	48	29.3	7.09
1922	5	10.2	45.5	59.1	11.68
1922	6	12.2	75.7	70.9	13.48
1922	7	12.3	115.3	47.1	13.57
1922	8	12.6	64.3	50.4	13.84
1922	9	11.2	74.2	37	12.58
1922	10	7.9	30.5	18	9.61
1922	11	6.2	21.3	12.4	8.08
1922	12	5.1	87.1	9.7	7.09
1923	1	6.1	49.3	12.1	7.99
1923	2	4.4	103.6	25.2	6.46
1923	3	6.3	21.3	36.3	8.17
1923	4	6.4	64.8	36.9	8.26
1923	5	8.1	50.3	46.9	9.79
1923	6	11.8	15.2	68.5	13.12
1923	7	15.8	56.4	101.6	16.72
1923	8	13.2	188.5	57.4	14.38
1923	9	10.9	76.5	34.7	12.31
1923	10	8.7	142.5	21.4	10.33
1923	11	3.1	103.1	6.3	5.29
1923	12	2.8	61.5	5.9	5.02
1924	1	3.7	70.4	7.1	5.83
1924	2	4.2	24.1	24	6.28
1924	3	3.5	43.9	19.9	5.65
1924	4	5.9	46	34	7.81
1924	5	9.8	92.2	56.8	11.32
1924	6	12.7	48.3	73.8	13.93
1924	7	13.7	117.6	64.1	14.83
1924	8	12.8	79.5	52.6	14.02
1924	9	11.9	84.6	43.2	13.21
1924	10	9.3	104.9	24.4	10.87
1924	11	6.6	50	13.5	8.44
1924	12	7.2	127.8	15.4	8.98
1925	1	5.3	55.6	10.2	7.27
1925	2	3.9	122.4	22.3	6.01
1925	3	5.2	32.3	29.9	7.18
1925	4	6.7	83.1	38.7	8.53
1925	5	10.3	88.4	59.7	11.77
1925	6	14.3	10.2	83.2	15.37
1925	7	15.9	50	103.9	16.81
1925	8	14.5	80.8	76.4	15.55
1925	9	10.4	103.6	31.1	11.86
1925	10	9.4	94.7	25	10.96
1925	11	2.6	26.9	5.6	4.84
1925	12	1.9	69.1	4.8	4.21
1926	1	4.6	67.8	8.7	6.64
1926	2	5.3	100.1	30.5	7.27
1926	3	5.8	35.3	33.4	7.72
1926	4	8.3	44.4	48	9.97
1926	5	9.1	54.9	52.7	10.69
1926	6	12.8	80.5	74.4	14.02
1926	7	15.9	74.7	103.9	16.81
1926	8	14.8	73.9	81.6	15.82
1926	9	12.8	145.8	52.6	14.02
1926	10	6.9	80	14.4	8.71
1926	11	4.8	107.4	9.1	6.82
1926	12	4.5	16.5	8.5	6.55
1927	1	4.4	75.4	8.3	6.46
1927	2	3.9	35.8	22.3	6.01
1927	3	6.2	65.5	35.7	8.08
1927	4	6.5	60.5	37.5	8.35
1927	5	9.7	42.4	56.2	11.23
1927	6	10.8	78	62.7	12.22
1927	7	15.8	84.8	101.6	16.72
1927	8	14.7	180.6	79.8	15.73
1927	9	11.3	177.5	37.9	12.67
1927	10	9.6	47.2	26.1	11.14
1927	11	5.5	84.1	10.6	7.45
1927	12	1.5	20.1	4.4	3.85
1928	1	4.4	130.3	8.3	6.46
1928	2	5.1	80.3	29.3	7.09
1928	3	5.1	65.3	29.3	7.09
1928	4	7.6	16.5	43.9	9.34
1928	5	10.4	40.4	60.3	11.86
1928	6	11	107.4	63.8	12.4
1928	7	13.6	73.2	62.7	14.74
1928	8	13.8	127.8	65.5	14.92
1928	9	11.3	48.8	37.9	12.67
1928	10	9.1	86.1	23.4	10.69
1928	11	6.8	106.4	14.1	8.62
1928	12	3.3	61.7	6.5	5.47
1929	1	1.5	24.9	4.4	3.85
1929	2	0.8	23.1	4.1	3.22
1929	3	5.8	8.1	33.4	7.72
1929	4	5.7	39.9	32.8	7.63
1929	5	10.4	33.3	60.3	11.86
1929	6	12.1	41.1	70.3	13.39
1929	7	14.4	100.3	74.7	15.46
1929	8	13.6	156.7	62.7	14.74
1929	9	13.1	37.8	56.2	14.29
1929	10	8.4	117.1	20	10.06
1929	11	6.1	112.3	12.1	7.99
1929	12	4.9	132.6	9.3	6.91
1930	1	4.2	100.8	8	6.28
1930	2	1.8	6.1	10	4.12
1930	3	4.3	58.9	24.6	6.37
1930	4	7.7	36.3	44.5	9.43
1930	5	10.2	24.4	59.1	11.68
1930	6	13.9	80.3	80.8	15.01
1930	7	14.2	125	71.5	15.28
1930	8	14.4	181.1	74.7	15.46
1930	9	12.4	48.5	48.2	13.66
1930	10	9.3	100.3	24.4	10.87
1930	11	4.8	83.1	9.1	6.82
1930	12	4.3	50.3	8.2	6.37
1931	1	2.7	68.8	5.7	4.93
1931	2	3.8	67.3	21.7	5.92
1931	3	3.5	22.6	19.9	5.65
1931	4	6.6	47.8	38.1	8.44
1931	5	10.1	52.1	58.6	11.59
1931	6	12.2	135.4	70.9	13.48
1931	7	14.2	109.7	71.5	15.28
1931	8	13.3	71.1	58.7	14.47
1931	9	10.5	32.3	31.8	11.95
1931	10	8.3	61	19.6	9.97
1931	11	7	110.2	14.7	8.8
1931	12	4.7	52.6	8.9	6.73
1932	1	6.2	74.2	12.4	8.08
1932	2	4.3	1.8	24.6	6.37
1932	3	4.9	90.2	28.1	6.91
1932	4	6.2	53.6	35.7	8.08
1932	5	9.7	66	56.2	11.23
1932	6	13.7	22.6	79.6	14.83
1932	7	15.1	150.9	87.1	16.09
1932	8	15.1	33.5	87.1	16.09
1932	9	11.6	135.9	40.4	12.94
1932	10	7.7	127.3	17.2	9.43
1932	11	5.8	47.5	11.3	7.72
1932	12	5.5	57.1	10.6	7.45
1933	1	1.8	77.7	4.7	4.12
1933	2	3.8	56.6	21.7	5.92
1933	3	6.6	39.1	38.1	8.44
1933	4	8.1	22.6	46.9	9.79
1933	5	11.1	59.9	64.4	12.49
1933	6	14.9	61.7	86.7	15.91
1933	7	16.8	81.3	126.5	17.62
1933	8	15.6	38.9	97.3	16.54
1933	9	13.7	23.6	64.1	14.83
1933	10	9.3	69.8	24.4	10.87
1933	11	4.6	23.6	8.7	6.64
1933	12	3.1	24.1	6.3	5.29
1934	1	4.7	97.5	8.9	6.73
1934	2	5.4	3	31	7.36
1934	3	4.4	43.9	25.2	6.46
1934	4	6.8	57.1	39.2	8.62
1934	5	10	54.4	58	11.5
1934	6	14.3	72.4	83.2	15.37
1934	7	16.9	85.9	129.4	17.71
1934	8	14	121.9	68.5	15.1
1934	9	13.5	80.3	61.3	14.65
1934	10	9.3	106.9	24.4	10.87
1934	11	5.6	20.1	10.8	7.54
1934	12	7.2	98	15.4	8.98
1935	1	4.6	48	8.7	6.64
1935	2	5.1	104.6	29.3	7.09
1935	3	6.6	29	38.1	8.44
1935	4	7.4	80	42.8	9.16
1935	5	9.8	13.5	56.8	11.32
1935	6	13.5	92.2	78.5	14.65
1935	7	15.3	48.8	91.1	16.27
1935	8	15.3	61.7	91.1	16.27
1935	9	12.1	92.2	45.1	13.39
1935	10	8.6	156.7	20.9	10.24
1935	11	5.6	77.7	10.8	7.54
1935	12	2.2	51.6	5.1	4.48
1936	1	2.7	54.9	5.7	4.93
1936	2	2.6	58.4	14.6	4.84
1936	3	6.3	40.6	36.3	8.17
1936	4	5.8	17.5	33.4	7.72
1936	5	11.1	11.7	64.4	12.49
1936	6	13.9	47.5	80.8	15.01
1936	7	14.7	96.3	79.8	15.73
1936	8	15.2	42.2	89.1	16.18
1936	9	13.8	125.5	65.5	14.92
1936	10	9.2	82.3	23.9	10.78
1936	11	5.2	84.8	9.9	7.18
1936	12	5	99.8	9.5	7
1937	1	4.7	68.1	8.9	6.73
1937	2	3.9	91.4	22.3	6.01
1937	3	2.8	26.4	15.8	5.02
1937	4	8.7	64	50.4	10.33
1937	5	11.3	63.5	65.6	12.67
1937	6	13.1	66	76.1	14.29
1937	7	14.8	78.7	81.6	15.82
1937	8	15.6	48.5	97.3	16.54
1937	9	12.1	71.9	45.1	13.39
1937	10	9.2	51.1	23.9	10.78
1937	11	5.1	16.5	9.7	7.09
1937	12	2.1	26.2	5	4.39
1938	1	5.2	57.9	9.9	7.18
1938	2	4.8	23.9	27.5	6.82
1938	3	8.4	36.6	48.6	10.06
1938	4	7.8	10.7	45.1	9.52
1938	5	9.6	74.4	55.6	11.14
1938	6	12.8	80.8	74.4	14.02
1938	7	13.9	109.5	67	15.01
1938	8	14.9	73.7	83.4	15.91
1938	9	12.9	55.1	53.8	14.11
1938	10	9.7	169.4	26.7	11.23
1938	11	8.4	150.1	20	10.06
1938	12	4.4	68.3	8.3	6.46
1939	1	2.9	109.5	6	5.11
1939	2	5.2	59.7	29.9	7.18
1939	3	5.7	48.3	32.8	7.63
1939	4	7.6	31.2	43.9	9.34
1939	5	11.3	18.5	65.6	12.67
1939	6	13.8	62.5	80.2	14.92
1939	7	14.7	131.3	79.8	15.73
1939	8	15.7	74.2	99.4	16.63
1939	9	12.9	26.4	53.8	14.11
1939	10	7.3	42.2	15.7	9.07
1939	11	7.3	99.1	15.7	9.07
1939	12	2.9	29.7	6	5.11
1940	1	-1.7	38.1	2.2	0.97
1940	2	2.2	13.7	12.3	4.48
1940	3	4.8	111.3	27.5	6.82
1940	4	7.4	41.7	42.8	9.16
1940	5	12.3	50.8	71.4	13.57
1940	6	15.8	33.8	91.9	16.72
1940	7	13.8	161	65.5	14.92
1940	8	14.3	62.5	73.1	15.37
1940	9	10.9	92.5	34.7	12.31
1940	10	9.1	51.8	23.4	10.69
1940	11	6.2	72.6	12.4	8.08
1940	12	3.9	74.9	7.5	6.01
1941	1	0.1	7.6	3.2	2.59
1941	2	2.3	73.2	12.9	4.57
1941	3	4.2	69.1	24	6.28
1941	4	5.7	21.1	32.8	7.63
1941	5	9.4	47.2	54.5	10.96
1941	6	13.8	10.2	80.2	14.92
1941	7	15.3	41.1	91.1	16.27
1941	8	13.8	100.1	65.5	14.92
1941	9	14.3	31.5	73.1	15.37
1941	10	9.8	141.7	27.2	11.32
1941	11	5.7	49.5	11.1	7.63
1941	12	5.2	24.9	9.9	7.18
1942	1	1.3	69.8	4.2	3.67
1942	2	0.5	39.6	2.3	2.95
1942	3	4.2	32.5	24	6.28
1942	4	8.3	28.4	48	9.97
1942	5	9.9	46.5	57.4	11.41
1942	6	12.9	24.4	75	14.11
1942	7	14.4	90.4	74.7	15.46
1942	8	14.9	71.4	83.4	15.91
1942	9	12.2	99.8	46.1	13.48
1942	10	9.4	100.1	25	10.96
1942	11	4.8	23.4	9.1	6.82
1942	12	5.9	85.6	11.6	7.81
1943	1	3.8	86.6	7.3	5.92
1943	2	6.1	63.2	35.1	7.99
1943	3	6.5	23.1	37.5	8.35
1943	4	9.2	47.8	53.3	10.78
1943	5	10.4	81.8	60.3	11.86
1943	6	13.2	64.5	76.7	14.38
1943	7	14.7	75.2	79.8	15.73
1943	8	13.9	118.1	67	15.01
1943	9	11.7	80.5	41.3	13.03
1943	10	9.8	109.2	27.2	11.32
1943	11	5.9	39.6	11.6	7.81
1943	12	3.8	28.4	7.3	5.92
1944	1	5.5	68.3	10.6	7.45
1944	2	3.9	28.7	22.3	6.01
1944	3	5.3	8.6	30.5	7.27
1944	4	8.9	36.6	51.5	10.51
1944	5	10.2	42.9	59.1	11.68
1944	6	12.6	88.4	73.2	13.84
1944	7	15.2	80.8	89.1	16.18
1944	8	15.6	86.9	97.3	16.54
1944	9	11	145.3	35.4	12.4
1944	10	8.2	66.5	19.2	9.88
1944	11	4.9	150.6	9.3	6.91
1944	12	4.1	75.4	7.8	6.19
1945	1	0.1	64.8	3.2	2.59
1945	2	6.2	105.7	35.7	8.08
1945	3	7.7	36.8	44.5	9.43
1945	4	8.4	44.2	48.6	10.06
1945	5	10.5	119.1	60.9	11.95
1945	6	13.3	63.2	77.3	14.47
1945	7	15.5	67.6	95.1	16.45
1945	8	15.3	47.2	91.1	16.27
1945	9	13.2	67.3	57.4	14.38
1945	10	10.7	81	33.2	12.13
1945	11	7.1	7.1	15.1	8.89
1945	12	4.1	41.7	7.8	6.19
1946	1	2.5	72.9	5.5	4.75
1946	2	5.3	44.4	30.5	7.27
1946	3	4.8	33.8	27.5	6.82
1946	4	8.8	33	50.9	10.42
1946	5	10.5	34.5	60.9	11.95
1946	6	12.2	52.6	70.9	13.48
1946	7	14.4	96.3	74.7	15.46
1946	8	13.5	144.8	61.3	14.65
1946	9	13	130	55	14.2
1946	10	8.9	13.7	22.4	10.51
1946	11	7.1	98.8	15.1	8.89
1946	12	2.9	67.1	6	5.11
1947	1	2.4	54.9	5.4	4.66
1947	2	-0.9	3	0	1.69
1947	3	1.7	87.9	9.4	4.03
1947	4	7.1	94.2	41	8.89
1947	5	12.1	73.2	70.3	13.39
1947	6	13.8	79.5	80.2	14.92
1947	7	15.3	103.4	91.1	16.27
1947	8	17.8	4.1	157.6	18.52
1947	9	13.3	47.2	58.7	14.47
1947	10	10.3	11.4	30.4	11.77
1947	11	6.1	112.8	12.1	7.99
1947	12	4.4	46.5	8.3	6.46
1948	1	3.3	148.6	6.5	5.47
1948	2	4.5	49.5	25.8	6.55
1948	3	7.6	38.9	43.9	9.34
1948	4	8.4	56.9	48.6	10.06
1948	5	10.4	19.6	60.3	11.86
1948	6	12.7	124	73.8	13.93
1948	7	14.8	42.9	81.6	15.82
1948	8	13.8	158.5	65.5	14.92
1948	9	12.7	129.5	51.5	13.93
1948	10	9.3	69.8	24.4	10.87
1948	11	7.1	75.9	15.1	8.89
1948	12	4.8	68.1	9.1	6.82
1949	1	5	58.9	9.5	7
1949	2	5.3	53.8	30.5	7.27
1949	3	5.2	27.4	29.9	7.18
1949	4	8.7	73.2	50.4	10.33
1949	5	10.2	48.3	59.1	11.68
1949	6	14.4	22.4	83.7	15.46
1949	7	15.7	66.8	99.4	16.63
1949	8	15.4	40.1	93.1	16.36
1949	9	14.7	20.1	79.8	15.73
1949	10	10.7	181.4	33.2	12.13
1949	11	6.5	110.5	13.2	8.35
1949	12	5.3	144.5	10.2	7.27
1950	1	4.2	51.6	8	6.28
1950	2	4.1	95.8	23.4	6.19
1950	3	6.8	42.2	39.2	8.62
1950	4	6.3	74.9	36.3	8.17
1950	5	10.5	47.5	60.9	11.95
1950	6	14.5	57.7	84.3	15.55
1950	7	14.7	69.8	79.8	15.73
1950	8	14.3	134.4	73.1	15.37
1950	9	11.5	159.3	39.6	12.85
1950	10	8.8	72.4	21.9	10.42
1950	11	4.7	67.3	8.9	6.73
1950	12	0.7	38.4	3.7	3.13
1951	1	3.1	88.1	6.3	5.29
1951	2	2.7	67.3	15.2	4.93
1951	3	3.2	86.6	18.2	5.38
1951	4	5.4	36.8	31	7.36
1951	5	8.9	37.6	51.5	10.51
1951	6	12.8	29.7	74.4	14.02
1951	7	14.9	61.2	83.4	15.91
1951	8	13.6	90.7	62.7	14.74
1951	9	13.1	78.2	56.2	14.29
1951	10	9.6	20.1	26.1	11.14
1951	11	7.7	153.2	17.2	9.43
1951	12	4.7	117.3	8.9	6.73
1952	1	1.3	65.8	4.2	3.67
1952	2	3.4	26.7	19.3	5.56
1952	3	5.5	33.3	31.6	7.45
1952	4	8.4	48.5	48.6	10.06
1952	5	11.9	48.8	69.1	13.21
1952	6	12.4	74.2	72	13.66
1952	7	15.3	57.4	91.1	16.27
1952	8	14.6	85.6	78.1	15.64
1952	9	10	87.9	28.5	11.5
1952	10	8.1	52.8	18.8	9.79
1952	11	3.7	54.6	7.1	5.83
1952	12	2.9	83.1	6	5.11
1953	1	4.1	31	7.8	6.19
1953	2	4.6	26.7	26.4	6.64
1953	3	5.7	15.2	32.8	7.63
1953	4	6.3	64	36.3	8.17
1953	5	11.8	34.5	68.5	13.12
1953	6	14.5	25.7	84.3	15.55
1953	7	14.3	140.2	73.1	15.37
1953	8	14.6	105.4	78.1	15.64
1953	9	12.9	102.4	53.8	14.11
1953	10	9.4	47.8	25	10.96
1953	11	7.9	106.4	18	9.61
1953	12	5.9	47.5	11.6	7.81
1954	1	2.8	62.2	5.9	5.02
1954	2	1.7	49	9.4	4.03
1954	3	4.9	35.1	28.1	6.91
1954	4	7.3	21.6	42.2	9.07
1954	5	10.9	58.9	63.2	12.31
1954	6	12.6	120.6	73.2	13.84
1954	7	13.2	105.9	57.4	14.38
1954	8	13.4	126	60	14.56
1954	9	11.2	152.9	37	12.58
1954	10	10.5	202.7	31.8	11.95
1954	11	6.1	119.6	12.1	7.99
1954	12	5.8	82.3	11.3	7.72
1955	1	2.1	53.1	5	4.39
1955	2	0.7	21.8	3.5	3.13
1955	3	3.2	17	18.2	5.38
1955	4	8.6	33.8	49.8	10.24
1955	5	9.1	55.4	52.7	10.69
1955	6	12.4	58.7	72	13.66
1955	7	17.4	47	144.3	18.16
1955	8	16.7	43.4	123.8	17.53
1955	9	13.3	51.8	58.7	14.47
1955	10	8.2	46	19.2	9.88
1955	11	7.2	24.1	15.4	8.98
1955	12	4.5	116.8	8.5	6.55
1956	1	2.4	62.5	5.4	4.66
1956	2	1.3	23.9	7	3.67
1956	3	6.1	29.5	35.1	7.99
1956	4	6.7	33.8	38.7	8.53
1956	5	10.7	34	62.1	12.13
1956	6	12.6	50.8	73.2	13.84
1956	7	14.6	97.8	78.1	15.64
1956	8	12	223	44.1	13.3
1956	9	13.3	66.5	58.7	14.47
1956	10	9.1	69.3	23.4	10.69
1956	11	5.9	35.6	11.6	7.81
1956	12	5.8	73.7	11.3	7.72
1957	1	4.8	82.3	9.1	6.82
1957	2	3.8	44.2	21.7	5.92
1957	3	7.9	61	45.7	9.61
1957	4	8.2	23.9	47.4	9.88
1957	5	9.7	36.1	56.2	11.23
1957	6	13.8	31	80.2	14.92
1957	7	15.4	67.1	93.1	16.36
1957	8	14.6	113.5	78.1	15.64
1957	9	11.2	99.3	37	12.58
1957	10	9.9	78	27.8	11.41
1957	11	6.4	19	12.9	8.26
1957	12	4.4	71.9	8.3	6.46
1958	1	2.2	52.8	5.1	4.48
1958	2	3.2	86.1	18.2	5.38
1958	3	3.2	33.3	18.2	5.38
1958	4	7.1	33.8	41	8.89
1958	5	8.9	76.2	51.5	10.51
1958	6	12.6	69.3	73.2	13.84
1958	7	14.9	99.8	83.4	15.91
1958	8	14.8	117.9	81.6	15.82
1958	9	14.1	100.6	70	15.19
1958	10	10.3	69.1	30.4	11.77
1958	11	6.1	28.7	12.1	7.99
1958	12	3.5	53.8	6.8	5.65
1959	1	0.6	45.5	3.6	3.04
1959	2	3.9	25.4	22.3	6.01
1959	3	6.7	31	38.7	8.53
1959	4	7.9	55.4	45.7	9.61
1959	5	12.4	18.8	72	13.66
1959	6	13.9	92.2	80.8	15.01
1959	7	15.1	73.9	87.1	16.09
1959	8	15.9	10.9	103.9	16.81
1959	9	13.4	34	60	14.56
1959	10	11.7	81	41.3	13.03
1959	11	6.8	85.1	14.1	8.62
1959	12	5.3	87.1	10.2	7.27
1960	1	2.9	114.3	6	5.11
1960	2	2.7	39.9	15.2	4.93
1960	3	5.7	21.3	32.8	7.63
1960	4	8.7	54.1	50.4	10.33
1960	5	11.6	42.4	67.3	12.94
1960	6	14.9	19.6	86.7	15.91
1960	7	14	86.4	68.5	15.1
1960	8	14.2	98	71.5	15.28
1960	9	12.1	54.4	45.1	13.39
1960	10	9.7	60.5	26.7	11.23
1960	11	5.8	115.6	11.3	7.72
1960	12	2.7	79	5.7	4.93
1961	1	2.7	93.5	5.7	4.93
1961	2	5.9	55.6	34	7.81
1961	3	7.5	34.3	43.3	9.25
1961	4	10.3	64.5	59.7	11.77
1961	5	8.7	34.8	50.4	10.33
1961	6	12.5	42.9	72.6	13.75
1961	7	13.7	98.3	64.1	14.83
1961	8	13.6	100.8	62.7	14.74
1961	9	13.7	69.8	64.1	14.83
1961	10	9.9	107.9	27.8	11.41
1961	11	5.5	50.3	10.6	7.45
1961	12	1.3	62	4.2	3.67
1962	1	3.8	106.7	7.3	5.92
1962	2	4.5	44.2	25.8	6.55
1962	3	2.3	19.3	12.9	4.57
1962	4	6.9	65	39.8	8.71
1962	5	9.3	66	53.9	10.87
1962	6	12.1	22.6	70.3	13.39
1962	7	13.3	39.9	58.7	14.47
1962	8	13.1	149.9	56.2	14.29
1962	9	11.3	98	37.9	12.67
1962	10	9.6	38.6	26.1	11.14
1962	11	4.7	46.7	8.9	6.73
1962	12	2.3	57.9	5.3	4.57
1963	1	-0.3	14.7	3	2.23
1963	2	-0.9	12.2	0	1.69
1963	3	5.1	69.1	29.3	7.09
1963	4	7.6	70.6	43.9	9.34
1963	5	9.1	52.1	52.7	10.69
1963	6	13.7	69.3	79.6	14.83
1963	7	13.3	71.4	58.7	14.47
1963	8	13.2	116.3	57.4	14.38
1963	9	11.5	77.2	39.6	12.85
1963	10	9.5	77.2	25.5	11.05
1963	11	6.1	174.8	12.1	7.99
1963	12	2.9	15	6	5.11
1964	1	3.8	29.2	7.3	5.92
1964	2	3.9	17.3	22.3	6.01
1964	3	3.9	34.8	22.3	6.01
1964	4	7.9	51.8	45.7	9.61
1964	5	11.5	48.8	66.8	12.85
1964	6	12.3	54.1	71.4	13.57
1964	7	13.9	39.4	67	15.01
1964	8	13.6	65.8	62.7	14.74
1964	9	13.1	64.8	56.2	14.29
1964	10	8.1	53.3	18.8	9.79
1964	11	6.1	40.9	12.1	7.99
1964	12	2.7	94.7	5.7	4.93
1965	1	2.3	73.9	5.3	4.57
1965	2	3.5	7.9	19.9	5.65
1965	3	3.9	43.7	22.3	6.01
1965	4	7	67.1	40.4	8.8
1965	5	10	68.8	58	11.5
1965	6	13	53.3	75.5	14.2
1965	7	12.1	79.8	45.1	13.39
1965	8	13.1	75.4	56.2	14.29
1965	9	11.3	118.4	37.9	12.67
1965	10	9.5	60.5	25.5	11.05
1965	11	3.1	50.8	6.3	5.29
1965	12	2.9	84.6	6	5.11
1966	1	2.3	20.8	5.3	4.57
1966	2	3.5	50.8	19.9	5.65
1966	3	6.1	38.9	35.1	7.99
1966	4	5.2	44.4	29.9	7.18
1966	5	9.7	44.7	56.2	11.23
1966	6	13.7	118.4	79.6	14.83
1966	7	13.6	62.5	62.7	14.74
1966	8	12.7	105.2	51.5	13.93
1966	9	12.7	109.7	51.5	13.93
1966	10	8.4	72.1	20	10.06
1966	11	4.9	60.7	9.3	6.91
1966	12	4.3	88.1	8.2	6.37
1967	1	4.2	42.4	8	6.28
1967	2	4.9	90.2	28.1	6.91
1967	3	6.1	44.2	35.1	7.99
1967	4	7.3	28.7	42.2	9.07
1967	5	8.8	106.7	50.9	10.42
1967	6	13.3	63	77.3	14.47
1967	7	14.1	96.8	70	15.19
1967	8	14.3	109.7	73.1	15.37
1967	9	12.5	99.3	49.3	13.75
1967	10	9.3	213.4	24.4	10.87
1967	11	5.1	51.6	9.7	7.09
1967	12	4.1	51.8	7.8	6.19
1968	1	4.1	63.2	7.8	6.19
1968	2	1	34.8	5.3	3.4
1968	3	5.5	88.9	31.6	7.45
1968	4	7.3	43.9	42.2	9.07
1968	5	8.7	57.4	50.4	10.33
1968	6	13.8	63	80.2	14.92
1968	7	13.7	90.9	64.1	14.83
1968	8	14.1	65.3	70	15.19
1968	9	12.6	158.7	50.4	13.84
1968	10	11.3	105.9	37.9	12.67
1968	11	5.7	25.4	11.1	7.63
1968	12	2.9	34	6	5.11
1969	1	4.2	84.3	8	6.28
1969	2	0.5	40.6	2.3	2.95
1969	3	2.5	30	14.1	4.75
1969	4	6.6	46.7	38.1	8.44
1969	5	9.9	92.7	57.4	11.41
1969	6	13	45.5	75.5	14.2
1969	7	14.7	42.9	79.8	15.73
1969	8	15.6	57.7	97.3	16.54
1969	9	12.9	83.1	53.2	14.11
1969	10	12	26.7	44.2	13.3
1969	11	4.9	134.6	9.3	6.91
1969	12	2.9	57.1	6	5.11
1970	1	3.3	63.2	6.6	5.47
1970	2	2.6	44.4	14.4	4.84
1970	3	3.3	53.6	18.8	5.47
1970	4	6.1	78.2	35.2	7.99
1970	5	12	28.7	69.7	13.3
1970	6	15.2	37.3	88.4	16.18
1970	7	14.1	87.6	69.5	15.19
1970	8	14.8	55.4	81.9	15.82
1970	9	13.3	84.8	59	14.47
1970	10	9.9	109.2	27.6	11.41
1970	11	7.1	116.8	15.2	8.89
1970	12	3.9	26.7	7.4	6.01
1971	1	4.1	26.7	7.7	6.19
1971	2	4.1	41.1	23.2	6.19
1971	3	4.4	49.5	25.4	6.46
1971	4	7.2	38.9	41.8	8.98
1971	5	10.7	39.6	62.1	12.13
1971	6	11.4	64.3	66.5	12.76
1971	7	15.7	71.9	98.5	16.63
1971	8	14.4	136.9	75.4	15.46
1971	9	12.9	39.4	54.3	14.11
1971	10	10.4	69.9	31.2	11.86
1971	11	5.5	79.5	10.5	7.45
1971	12	6	11.7	11.9	7.9
1972	1	3.5	62	6.8	5.65
1972	2	3.9	37.8	22.1	6.01
1972	3	5.9	73.4	34.1	7.81
1972	4	7.5	70.1	43.4	9.25
1972	5	9.7	48.5	56	11.23
1972	6	10.9	78	63.2	12.31
1972	7	14.4	45.2	75.4	15.46
1972	8	14	24.6	68.1	15.1
1972	9	10.8	21.1	33.9	12.22
1972	10	9.8	15.2	27	11.32
1972	11	5.7	96.5	11.2	7.63
1972	12	5.3	56.4	10.1	7.27
1973	1	4.1	58.4	7.7	6.19
1973	2	3.9	30.2	22.1	6.01
1973	3	5.6	25.7	32.5	7.54
1973	4	6.4	39.1	36.9	8.26
1973	5	10.5	64.8	61	11.95
1973	6	13.7	24.1	79.6	14.83
1973	7	14.4	61.2	75.4	15.46
1973	8	15.3	83.3	90.8	16.27
1973	9	13.2	42.4	57.8	14.38
1973	10	8.3	54.4	19.5	9.97
1973	11	5.5	34.5	10.5	7.45
1973	12	4.4	69.3	8.4	6.46
1974	1	5.4	96.3	10.3	7.36
1974	2	4.9	67.3	28.1	6.91
1974	3	5.3	45.7	30.3	7.27
1974	4	7.5	4.3	43.4	9.25
1974	5	10.1	30.7	58.8	11.59
1974	6	12.9	81.3	74.7	14.11
1974	7	14.1	76.7	69.5	15.19
1974	8	14.1	74.4	69.5	15.19
1974	9	11.2	116.6	36.8	12.58
1974	10	7.1	47.8	15.2	8.89
1974	11	6.2	96.8	12.4	8.08
1974	12	7.4	101.6	16.2	9.16
1975	1	6.2	133.9	12.4	8.08
1975	2	4	24.6	22.6	6.1
1975	3	4.3	30	24.8	6.37
1975	4	7.6	45.7	44	9.34
1975	5	9.1	47.8	52.8	10.69
1975	6	13.6	45.5	79.1	14.74
1975	7	16.1	95.8	109.2	16.99
1975	8	17.3	57.2	142.6	18.07
1975	9	12.5	89.9	49	13.75
1975	10	9.1	66.3	23.4	10.69
1975	11	5.7	31.8	11.2	7.63
1975	12	4.8	23.9	9.1	6.82
1976	1	5.4	74.4	10.3	7.36
1976	2	4.1	39.4	23.2	6.19
1976	3	4.3	40.4	24.8	6.37
1976	4	7.4	47.8	42.9	9.16
1976	5	11.2	91.4	64.8	12.58
1976	6	15.8	42.2	91.7	16.72
1976	7	17.3	35	142.6	18.07
1976	8	16.3	6.4	113.8	17.17
1976	9	12.4	76.2	48	13.66
1976	10	9.8	72.9	27	11.32
1976	11	5.7	76.7	11.2	7.63
1976	12	1.7	48	4.6	4.03
1977	1	2.5	69.4	5.4	4.75
1977	2	4.7	52.2	27	6.73
1977	3	6.3	61.4	36.3	8.17
1977	4	6.6	47.2	38	8.44
1977	5	9.8	40.7	56.6	11.32
1977	6	11.3	71.7	65.4	12.67
1977	7	14.7	30	80.2	15.73
1977	8	14.1	50.1	69.5	15.19
1977	9	12.3	71.5	47	13.57
1977	10	10.9	93.2	34.6	12.31
1977	11	6	78.4	11.9	7.9
1977	12	5.6	66.1	10.7	7.54
1978	1	3	74.6	6.2	5.2
1978	2	2.5	33.2	13.8	4.75
1978	3	6.1	73.7	35.2	7.99
1978	4	5.9	15.4	34.1	7.81
1978	5	10.8	23.6	62.6	12.22
1978	6	12.7	61.2	73.6	13.93
1978	7	13.7	45.5	64	14.83
1978	8	13.9	79.4	66.7	15.01
1978	9	13.1	116.8	56.6	14.29
1978	10	11	32.6	35.3	12.4
1978	11	7.8	90.2	17.6	9.52
1978	12	3.5	71.7	6.8	5.65
1979	1	-0.5	39	2.8	2.05
1979	2	1	14.7	5.1	3.4
1979	3	4.2	71.1	24.3	6.28
1979	4	7.1	38.8	41.2	8.89
1979	5	9.2	82.9	53.3	10.78
1979	6	12.9	32	74.7	14.11
1979	7	15	36.2	85.3	16
1979	8	13.8	102	65.3	14.92
1979	9	12.5	85.1	49	13.75
1979	10	10.4	77.7	31.2	11.86
1979	11	6.2	85.2	12.4	8.08
1979	12	5.3	129.7	10.1	7.27
1980	1	2	57.7	4.9	4.3
1980	2	5.2	74.7	29.7	7.18
1980	3	4.2	65.1	24.3	6.28
1980	4	8.1	9.8	46.7	9.79
1980	5	10.3	31.7	59.9	11.77
1980	6	12.8	165.3	74.1	14.02
1980	7	13.6	95.6	62.7	14.74
1980	8	14.7	99.9	80.2	15.73
1980	9	13.6	86.6	62.7	14.74
1980	10	8.3	112.8	19.5	9.97
1980	11	6	80.1	11.9	7.9
1980	12	5.1	95.1	9.7	7.09
1981	1	4.4	68.4	8.4	6.46
1981	2	2.7	26.1	14.9	4.93
1981	3	7.2	98.1	41.8	8.98
1981	4	7.1	20.6	41.2	8.89
1981	5	10.3	59.2	59.9	11.77
1981	6	12.2	87	70.8	13.48
1981	7	14.3	69	73.9	15.37
1981	8	15	20.8	85.3	16
1981	9	13.4	112.2	60.2	14.56
1981	10	7.9	140.4	17.9	9.61
1981	11	7.1	79.8	15.2	8.89
1981	12	0.1	24.9	3.3	2.59
1982	1	2.3	127.8	5.2	4.57
1982	2	4.3	31.9	24.8	6.37
1982	3	5.6	61.9	31.9	7.54
1982	4	7.9	15.8	45.6	9.61
1982	5	10.7	33.7	62.1	12.13
1982	6	14.3	133.4	83.4	15.37
1982	7	15.3	70.8	90.8	16.27
1982	8	14.5	86.3	77	15.55
1982	9	13.1	55.7	56.6	14.29
1982	10	9.3	85.6	24.4	10.87
1982	11	7.3	127.5	15.8	9.07
1982	12	4	99.3	7.6	6.1
1983	1	6.1	84	12.1	7.99
1983	2	1.4	23.8	7.8	3.76
1983	3	5.8	90.3	33.6	7.72
1983	4	6.2	54.6	35.8	8.08
1983	5	9.5	79	54.9	11.05
1983	6	13.3	38.7	77.4	14.47
1983	7	18.1	35.9	168.1	18.79
1983	8	16	22.2	107	16.9
1983	9	12.7	63.3	51.1	13.93
1983	10	9.7	97.2	26.5	11.23
1983	11	6.9	36.8	14.3	8.71
1983	12	5.1	95.9	9.7	7.09
1984	1	3.4	99.4	6.7	5.56
1984	2	2.9	48	16.6	5.11
1984	3	4.2	44.9	24.3	6.28
1984	4	7.4	16.4	42.9	9.16
1984	5	9.1	19.8	52.8	10.69
1984	6	13.4	48.9	78	14.56
1984	7	15.7	39.2	98.5	16.63
1984	8	16.3	41.1	113.8	17.17
1984	9	12.7	99.2	51.1	13.93
1984	10	10.2	93	29.9	11.68
1984	11	7.3	124.6	15.8	9.07
1984	12	4.7	77.1	8.9	6.73
1985	1	0.6	43.5	3.6	3.04
1985	2	1.8	13.7	10	4.12
1985	3	4.2	74.7	24.3	6.28
1985	4	7.6	52.7	44	9.34
1985	5	10	49.7	58.2	11.5
1985	6	11.7	75	68.1	13.03
1985	7	15	129.7	85.3	16
1985	8	13.5	158	61.4	14.65
1985	9	13.5	176.6	61.4	14.65
1985	10	10.1	46.6	29.3	11.59
1985	11	3.7	83.2	7.1	5.83
1985	12	5.7	119.1	11.2	7.63
1986	1	3.1	89.7	6.3	5.29
1986	2	-1.2	3.7	0	1.42
1986	3	4.4	61.1	25.4	6.46
1986	4	5.3	43	30.3	7.27
1986	5	10.2	84.3	59.3	11.68
1986	6	13.7	50.3	79.6	14.83
1986	7	14.7	61.9	80.2	15.73
1986	8	12.7	77.8	51.1	13.93
1986	9	10.4	12.1	31.2	11.86
1986	10	10.1	80.4	29.3	11.59
1986	11	7.1	88.8	15.2	8.89
1986	12	5.6	128.7	10.9	7.54
1987	1	0.6	43	3.6	3.04
1987	2	3.2	76.9	18.2	5.38
1987	3	3.7	113.3	21	5.83
1987	4	9.5	38.8	54.9	11.05
1987	5	9.3	42.6	53.9	10.87
1987	6	11.8	74.1	68.6	13.12
1987	7	14.7	126.4	80.2	15.73
1987	8	14.4	78.2	75.4	15.46
1987	9	12.6	84.6	50	13.84
1987	10	8.9	116.7	22.5	10.51
1987	11	5.9	52.8	11.6	7.81
1987	12	5.1	72.6	9.7	7.09
1988	1	4.8	115.1	9.1	6.82
1988	2	4.4	51.3	25.4	6.46
1988	3	5.8	79.7	33.6	7.72
1988	4	7.5	41.5	43.4	9.25
1988	5	11	49	63.7	12.4
1988	6	13.3	51.2	77.4	14.47
1988	7	13.6	115.5	62.7	14.74
1988	8	14.1	80.7	69.5	15.19
1988	9	12.2	62.5	46.1	13.48
1988	10	9.6	75.7	25.9	11.14
1988	11	4.7	43.7	8.9	6.73
1988	12	6.9	37.5	14.3	8.71
1989	1	5.6	40.2	10.7	7.54
1989	2	5.4	62.9	30.8	7.36
1989	3	6.9	66.3	39.6	8.71
1989	4	6	66	34.7	7.9
1989	5	12	26.1	69.7	13.3
1989	6	13.5	66	78.5	14.65
1989	7	16.9	48.5	128.7	17.71
1989	8	15.4	62.7	92.6	16.36
1989	9	13.6	50	62.7	14.74
1989	10	10.8	73.2	33.9	12.22
1989	11	5.6	50.6	10.9	7.54
1989	12	4.4	104	8.4	6.46
1990	1	5.9	91.2	11.6	7.81
1990	2	6.7	103	38.5	8.53
1990	3	7.6	24.2	44	9.34
1990	4	7.3	36.4	42.3	9.07
1990	5	11.6	27.1	67.6	12.94
1990	6	12.6	74.3	73	13.84
1990	7	15.7	43.6	98.5	16.63
1990	8	16.7	55.1	123.5	17.53
1990	9	12.2	58.2	46.1	13.48
1990	10	11	77.2	35.3	12.4
1990	11	6.3	55	12.6	8.17
1990	12	3.9	75.2	7.4	6.01
1991	1	2.9	73.2	6	5.11
1991	2	1.2	51.3	6.7	3.58
1991	3	7.2	58.6	41.8	8.98
1991	4	7.2	55.3	41.8	8.98
1991	5	10	21.4	57.7	11.5
1991	6	11.2	94.8	64.8	12.58
1991	7	16	77	107	16.9
1991	8	15.8	37.7	102.7	16.72
1991	9	13.6	70	62.7	14.74
1991	10	9.4	58.1	24.9	10.96
1991	11	6.2	69.7	12.4	8.08
1991	12	4.2	38.1	8	6.28
1992	1	3.3	40.9	6.6	5.47
1992	2	4.9	39.7	28.1	6.91
1992	3	6.9	64.4	39.6	8.71
1992	4	8	60.3	46.2	9.7
1992	5	12.6	44.6	73	13.84
1992	6	14.5	52	84.5	15.55
1992	7	15	86.1	85.3	16
1992	8	14.2	114.9	70.9	15.28
1992	9	12.4	96.8	48	13.66
1992	10	7.1	71.9	15.2	8.89
1992	11	6.8	101.9	14	8.62
1992	12	3.2	63.8	6.4	5.38
1993	1	5.4	78.9	10.3	7.36
1993	2	4.1	22.2	23.7	6.19
1993	3	6.1	30.9	35.2	7.99
1993	4	8.7	73.7	50.6	10.33
1993	5	10.5	66.8	61	11.95
1993	6	13.9	77.3	80.7	15.01
1993	7	14.1	79	69.5	15.19
1993	8	13.5	63	61.4	14.65
1993	9	11.4	113.2	39.1	12.76
1993	10	7.8	84.5	17.6	9.52
1993	11	4.1	61	7.9	6.19
1993	12	5	110.8	9.5	7
1994	1	4.8	90.6	9.1	6.82
1994	2	2.8	68.5	16	5.02
1994	3	7	63.8	40.7	8.8
1994	4	7.4	58.2	42.9	9.16
1994	5	9.9	56.3	57.1	11.41
1994	6	13.4	44.7	78	14.56
1994	7	16.7	53.5	123.5	17.53
1994	8	14.8	75	81.9	15.82
1994	9	11.7	104.3	41.6	13.03
1994	10	9.4	79	24.9	10.96
1994	11	9.3	66.3	24.4	10.87
1994	12	5.8	95.7	11.4	7.72
1995	1	4.3	115.3	8.2	6.37
1995	2	5.9	81.6	34.1	7.81
1995	3	5.1	54	29.2	7.09
1995	4	8.4	30.5	48.4	10.06
1995	5	10.7	41.2	62.1	12.13
1995	6	13.2	38.1	76.9	14.38
1995	7	17.3	48.3	139.7	18.07
1995	8	17.8	28.5	158	18.52
1995	9	12.7	118.5	51.1	13.93
1995	10	11.9	42.8	43.3	13.21
1995	11	7	66.4	14.9	8.8
1995	12	2	77.5	4.9	4.3
1996	1	3.9	52	7.4	6.01
1996	2	2.2	63.5	12.2	4.48
1996	3	4.1	39.7	23.2	6.19
1996	4	7.8	42.4	45.1	9.52
1996	5	8.4	47.4	48.4	10.06
1996	6	13.3	41.5	77.4	14.47
1996	7	15.3	51	90.8	16.27
1996	8	15.3	80.9	90.8	16.27
1996	9	12.6	44.1	50	13.84
1996	10	10.8	63.4	33.9	12.22
1996	11	5.4	95.4	10.3	7.36
1996	12	2.6	48.1	5.6	4.84
1997	1	2.2	21.9	5.1	4.48
1997	2	6.1	73.6	35.2	7.99
1997	3	7.7	29.3	44.5	9.43
1997	4	8.3	27.3	47.8	9.97
1997	5	10.6	56.2	61.5	12.04
1997	6	13	118.2	75.8	14.2
1997	7	15.5	59.5	94.6	16.45
1997	8	17.5	95.5	148.6	18.25
1997	9	13.1	41.6	56.6	14.29
1997	10	9.4	58.9	24.9	10.96
1997	11	7.7	89.8	17.2	9.43
1997	12	5.3	79.2	10.1	7.27
1998	1	4.7	88.3	8.9	6.73
1998	2	6.7	24.4	38.5	8.53
1998	3	7.2	67.3	41.8	8.98
1998	4	7	95.5	40.7	8.8
1998	5	12.1	34.1	70.3	13.39
1998	6	13.1	109.6	76.3	14.29
1998	7	14.3	61.7	73.9	15.37
1998	8	14.7	54.7	80.2	15.73
1998	9	13.8	96.2	65.3	14.92
1998	10	9.8	109.5	27	11.32
1998	11	5.6	67.8	10.9	7.54
1998	12	5	72.9	9.5	7
1999	1	5	92.4	9.5	7
1999	2	4.8	42.8	27.5	6.82
1999	3	6.8	55.7	39.1	8.62
1999	4	8.6	59.9	50	10.24
1999	5	11.9	46.8	69.2	13.21
1999	6	12.9	86.5	74.7	14.11
1999	7	16.4	38.7	116.1	17.26
1999	8	14.9	106.6	83.6	15.91
1999	9	14.4	110.2	75.4	15.46
1999	10	9.9	66.4	27.6	11.41
1999	11	7.2	54.3	15.5	8.98
1999	12	4.5	101.7	8.6	6.55
